epoch,step,train_loss,val_loss
0,0,1.0775036811828613,
0,1,7.080390930175781,
0,2,3.7281389236450195,
0,3,1.7235867977142334,
0,4,0.37760764360427856,
0,5,2.106914758682251,
0,6,1.7515281438827515,
0,7,0.764132559299469,
0,8,0.627804160118103,
0,9,0.7855856418609619,
0,10,0.47924545407295227,
0,11,0.36734089255332947,
0,12,0.4952722191810608,
0,13,0.37377533316612244,
0,14,0.18051812052726746,
0,15,0.3049332797527313,
0,16,0.383749395608902,
0,17,0.2988637089729309,
0,18,0.21392789483070374,
0,19,0.2857900857925415,
0,20,0.26178598403930664,
0,21,0.1885908991098404,
0,22,0.19648100435733795,
0,23,0.24689383804798126,
0,24,0.2555026412010193,
0,25,0.19529972970485687,
0,26,0.18344488739967346,
0,27,0.19750580191612244,
0,28,0.21883925795555115,
0,29,0.18334951996803284,
0,30,0.17735038697719574,
0,31,0.19448207318782806,
0,32,0.19860315322875977,
0,33,0.17491044104099274,
0,34,0.17681114375591278,
0,35,0.18387192487716675,
0,36,0.16620583832263947,
0,37,0.1718589961528778,
0,38,0.16705821454524994,
0,39,0.17600256204605103,
0,40,0.163430318236351,
0,41,0.17204836010932922,
0,42,0.17220906913280487,
0,43,0.1706799566745758,
0,44,0.17420558631420135,
0,45,0.17584587633609772,
0,46,0.17138241231441498,
0,47,0.17371614277362823,
0,48,0.15538674592971802,
0,49,0.1749739646911621,
0,50,0.1725492626428604,
0,51,0.180082768201828,
0,52,0.1599455177783966,
0,53,0.17896831035614014,
0,54,0.1735214740037918,
0,55,0.16257406771183014,
0,56,0.1627713441848755,
0,57,0.1732359081506729,
0,58,0.16809916496276855,
0,59,0.16901300847530365,
0,60,0.1766330450773239,
0,61,0.16871953010559082,
0,62,0.17475347220897675,
0,63,0.16702169179916382,
0,64,0.15845581889152527,
0,65,0.17447099089622498,
0,66,0.16898922622203827,
0,67,0.16700702905654907,
0,68,0.16865059733390808,
0,69,0.16294968128204346,
0,70,0.17351721227169037,
0,71,0.17321012914180756,
0,72,0.17443181574344635,
0,73,0.16334784030914307,
0,74,0.17461973428726196,
0,75,0.1757725328207016,
0,76,0.16608527302742004,
0,77,0.16373559832572937,
0,78,0.15953776240348816,
0,79,0.15889276564121246,
0,80,0.16162344813346863,
0,81,0.17449478805065155,
0,82,0.1672006994485855,
0,83,0.17081132531166077,
0,84,0.16737526655197144,
0,85,0.17364691197872162,
0,86,0.17097772657871246,
0,87,0.16147474944591522,
0,88,0.1757810413837433,
0,89,0.17797909677028656,
0,90,0.16330191493034363,
0,91,0.15627595782279968,
0,92,0.16138091683387756,
0,93,0.15255644917488098,
0,94,0.1540890634059906,
0,95,0.16340266168117523,
0,96,0.15703421831130981,
0,97,0.15993614494800568,
0,98,0.17159873247146606,
0,98,,0.1472257524728775
1,99,0.16887526214122772,
1,100,0.15707911550998688,
1,101,0.1603221297264099,
1,102,0.16656577587127686,
1,103,0.1622600555419922,
1,104,0.15829025208950043,
1,105,0.16431351006031036,
1,106,0.16321969032287598,
1,107,0.1539164036512375,
1,108,0.14980341494083405,
1,109,0.15239381790161133,
1,110,0.1585754156112671,
1,111,0.15636946260929108,
1,112,0.16430330276489258,
1,113,0.17514696717262268,
1,114,0.16394628584384918,
1,115,0.1647518128156662,
1,116,0.16698800027370453,
1,117,0.15321817994117737,
1,118,0.14462877810001373,
1,119,0.14283134043216705,
1,120,0.15657977759838104,
1,121,0.14394623041152954,
1,122,0.14831025898456573,
1,123,0.15785501897335052,
1,124,0.16182518005371094,
1,125,0.1575586348772049,
1,126,0.15205836296081543,
1,127,0.1520223468542099,
1,128,0.15245254337787628,
1,129,0.15035253763198853,
1,130,0.14957690238952637,
1,131,0.14446863532066345,
1,132,0.15086689591407776,
1,133,0.16747507452964783,
1,134,0.1458713412284851,
1,135,0.15360605716705322,
1,136,0.15774857997894287,
1,137,0.14850471913814545,
1,138,0.1504872441291809,
1,139,0.15100866556167603,
1,140,0.15022556483745575,
1,141,0.15078330039978027,
1,142,0.1452483832836151,
1,143,0.15133072435855865,
1,144,0.15642094612121582,
1,145,0.15915033221244812,
1,146,0.15992356836795807,
1,147,0.15098492801189423,
1,148,0.15316389501094818,
1,149,0.16275373101234436,
1,150,0.14863626658916473,
1,151,0.15165844559669495,
1,152,0.1487131267786026,
1,153,0.1406232714653015,
1,154,0.1469440907239914,
1,155,0.1420128494501114,
1,156,0.1570378690958023,
1,157,0.15029208362102509,
1,158,0.15282198786735535,
1,159,0.14298506081104279,
1,160,0.15352404117584229,
1,161,0.14102385938167572,
1,162,0.14986033737659454,
1,163,0.13593924045562744,
1,164,0.14722174406051636,
1,165,0.14727063477039337,
1,166,0.13226386904716492,
1,167,0.13458947837352753,
1,168,0.12423276901245117,
1,169,0.13917258381843567,
1,170,0.1166108250617981,
1,171,0.13113605976104736,
1,172,0.18086884915828705,
1,173,0.13354671001434326,
1,174,0.173710435628891,
1,175,0.16756996512413025,
1,176,0.12859389185905457,
1,177,0.11559698730707169,
1,178,0.12885333597660065,
1,179,0.08127140998840332,
1,180,0.11885067075490952,
1,181,0.10804031789302826,
1,182,0.06903127580881119,
1,183,0.04813501611351967,
1,184,0.07712200284004211,
1,185,0.16316324472427368,
1,186,0.04999207705259323,
1,187,0.13686317205429077,
1,188,0.060508109629154205,
1,189,0.12101289629936218,
1,190,0.056217871606349945,
1,191,0.11881022155284882,
1,192,0.047134727239608765,
1,193,0.0688341036438942,
1,194,0.11311422288417816,
1,195,0.04674301669001579,
1,196,0.11928405612707138,
1,197,0.03678468242287636,
1,197,,0.18839576840400696
2,198,0.19302938878536224,
2,199,0.14650194346904755,
2,200,0.10433166474103928,
2,201,0.12580639123916626,
2,202,0.05310603231191635,
2,203,0.06450875848531723,
2,204,0.10028359293937683,
2,205,0.05837088078260422,
2,206,0.12930697202682495,
2,207,0.09894300252199173,
2,208,0.1150100976228714,
2,209,0.12873946130275726,
2,210,0.04413517564535141,
2,211,0.08277472108602524,
2,212,0.04485882446169853,
2,213,0.043449245393276215,
2,214,0.04618028923869133,
2,215,0.049358561635017395,
2,216,0.0415274053812027,
2,217,0.0373268723487854,
2,218,0.035919249057769775,
2,219,0.04024658724665642,
2,220,0.06500151008367538,
2,221,0.034694358706474304,
2,222,0.03137734904885292,
2,223,0.036865223199129105,
2,224,0.053668003529310226,
2,225,0.048187531530857086,
2,226,0.038042981177568436,
2,227,0.046406637877225876,
2,228,0.04369132220745087,
2,229,0.04742534086108208,
2,230,0.04419465735554695,
2,231,0.03547940403223038,
2,232,0.04401073977351189,
2,233,0.047067563980817795,
2,234,0.034925226122140884,
2,235,0.0395825058221817,
2,236,0.04760383442044258,
2,237,0.035425011068582535,
2,238,0.03299039229750633,
2,239,0.04004257172346115,
2,240,0.05505582317709923,
2,241,0.032696615904569626,
2,242,0.026210390031337738,
2,243,0.04714735597372055,
2,244,0.04843652620911598,
2,245,0.027157515287399292,
2,246,0.02179446816444397,
2,247,0.04006199911236763,
2,248,0.047787878662347794,
2,249,0.03043700009584427,
2,250,0.040610380470752716,
2,251,0.03966496139764786,
2,252,0.03744977340102196,
2,253,0.03963594138622284,
2,254,0.03422064706683159,
2,255,0.025742514058947563,
2,256,0.049835238605737686,
2,257,0.04110447317361832,
2,258,0.028665758669376373,
2,259,0.02372763119637966,
2,260,0.025187671184539795,
2,261,0.03025973029434681,
2,262,0.05001845210790634,
2,263,0.03368573635816574,
2,264,0.02752688154578209,
2,265,0.04618524760007858,
2,266,0.038311928510665894,
2,267,0.036519307643175125,
2,268,0.025856848806142807,
2,269,0.03209712728857994,
2,270,0.057625528424978256,
2,271,0.02703268826007843,
2,272,0.03351350873708725,
2,273,0.05414140224456787,
2,274,0.023831132799386978,
2,275,0.023586098104715347,
2,276,0.021196657791733742,
2,277,0.05178743600845337,
2,278,0.02945358119904995,
2,279,0.024660201743245125,
2,280,0.024899039417505264,
2,281,0.04897533357143402,
2,282,0.037562593817710876,
2,283,0.021787865087389946,
2,284,0.04046538099646568,
2,285,0.04553646221756935,
2,286,0.028953107073903084,
2,287,0.027983171865344048,
2,288,0.050967369228601456,
2,289,0.03337383642792702,
2,290,0.032331760972738266,
2,291,0.04717988893389702,
2,292,0.03898480907082558,
2,293,0.029177425429224968,
2,294,0.03161134570837021,
2,295,0.027941057458519936,
2,296,0.05364937707781792,
2,296,,0.021878467872738838
3,297,0.022427204996347427,
3,298,0.025133268907666206,
3,299,0.020256271585822105,
3,300,0.044797737151384354,
3,301,0.0427963025867939,
3,302,0.031513798981904984,
3,303,0.020730266347527504,
3,304,0.03343591466546059,
3,305,0.052277855575084686,
3,306,0.022061331197619438,
3,307,0.028652353212237358,
3,308,0.04763362929224968,
3,309,0.030902646481990814,
3,310,0.027677524834871292,
3,311,0.037772078067064285,
3,312,0.04546279460191727,
3,313,0.02626750059425831,
3,314,0.027423199266195297,
3,315,0.023827694356441498,
3,316,0.03477000072598457,
3,317,0.04804132133722305,
3,318,0.017477260902523994,
3,319,0.02347361482679844,
3,320,0.021121034398674965,
3,321,0.02211378701031208,
3,322,0.055453818291425705,
3,323,0.024004779756069183,
3,324,0.020940309390425682,
3,325,0.06373000144958496,
3,326,0.034336917102336884,
3,327,0.06606953591108322,
3,328,0.02432030811905861,
3,329,0.0504457987844944,
3,330,0.04036783427000046,
3,331,0.036428313702344894,
3,332,0.036578889936208725,
3,333,0.04377913475036621,
3,334,0.021664928644895554,
3,335,0.017076728865504265,
3,336,0.03482171893119812,
3,337,0.045877907425165176,
3,338,0.02649069018661976,
3,339,0.020077591761946678,
3,340,0.04355031996965408,
3,341,0.03948882594704628,
3,342,0.017709365114569664,
3,343,0.03479206562042236,
3,344,0.04764964058995247,
3,345,0.02432992123067379,
3,346,0.02110404334962368,
3,347,0.054796334356069565,
3,348,0.0261762086302042,
3,349,0.024992430582642555,
3,350,0.04976484552025795,
3,351,0.0219375342130661,
3,352,0.02689371444284916,
3,353,0.017652535811066628,
3,354,0.030555736273527145,
3,355,0.03700108453631401,
3,356,0.03838218003511429,
3,357,0.018785076215863228,
3,358,0.024490976706147194,
3,359,0.03041728213429451,
3,360,0.0381641685962677,
3,361,0.03572194650769234,
3,362,0.035492103546857834,
3,363,0.01986593008041382,
3,364,0.033756449818611145,
3,365,0.051807157695293427,
3,366,0.029955217614769936,
3,367,0.05705976113677025,
3,368,0.027025805786252022,
3,369,0.045523807406425476,
3,370,0.0457133911550045,
3,371,0.022118616849184036,
3,372,0.04203394800424576,
3,373,0.038905348628759384,
3,374,0.02550126425921917,
3,375,0.03601839020848274,
3,376,0.04915915057063103,
3,377,0.02626132406294346,
3,378,0.052784960716962814,
3,379,0.03073221631348133,
3,380,0.038545526564121246,
3,381,0.049070585519075394,
3,382,0.024235662072896957,
3,383,0.06588435918092728,
3,384,0.02695234678685665,
3,385,0.09880874305963516,
3,386,0.08910872042179108,
3,387,0.03801454231142998,
3,388,0.05905568227171898,
3,389,0.040807679295539856,
3,390,0.02811143919825554,
3,391,0.06967366486787796,
3,392,0.045875184237957,
3,393,0.08452161401510239,
3,394,0.08699456602334976,
3,395,0.024340130388736725,
3,395,,0.05528707429766655
4,396,0.05636989697813988,
4,397,0.019576827064156532,
4,398,0.027397923171520233,
4,399,0.04045252501964569,
4,400,0.03268883004784584,
4,401,0.02150382474064827,
4,402,0.048511989414691925,
4,403,0.017796017229557037,
4,404,0.023401372134685516,
4,405,0.033977214246988297,
4,406,0.03460408374667168,
4,407,0.021584676578640938,
4,408,0.018577629700303078,
4,409,0.0229279026389122,
4,410,0.03686155751347542,
4,411,0.02757355570793152,
4,412,0.017323723062872887,
4,413,0.01812649518251419,
4,414,0.038001690059900284,
4,415,0.027346765622496605,
4,416,0.023138483986258507,
4,417,0.0246463343501091,
4,418,0.020676054060459137,
4,419,0.035676442086696625,
4,420,0.029573356732726097,
4,421,0.02777802012860775,
4,422,0.02022973634302616,
4,423,0.019385341554880142,
4,424,0.027724122628569603,
4,425,0.04302181676030159,
4,426,0.017296360805630684,
4,427,0.029252884909510612,
4,428,0.03842799365520477,
4,429,0.02701791748404503,
4,430,0.01924944296479225,
4,431,0.03996388614177704,
4,432,0.029598671942949295,
4,433,0.020331699401140213,
4,434,0.025985851883888245,
4,435,0.02036728337407112,
4,436,0.028431404381990433,
4,437,0.030107909813523293,
4,438,0.028175463899970055,
4,439,0.02822147123515606,
4,440,0.02886313572525978,
4,441,0.028700776398181915,
4,442,0.026019733399152756,
4,443,0.02781558223068714,
4,444,0.03089950419962406,
4,445,0.028562260791659355,
4,446,0.025649728253483772,
4,447,0.03036096692085266,
4,448,0.02821354568004608,
4,449,0.02761307917535305,
4,450,0.0219269972294569,
4,451,0.033897288143634796,
4,452,0.036531925201416016,
4,453,0.01637336239218712,
4,454,0.0463545098900795,
4,455,0.023809025064110756,
4,456,0.02967599220573902,
4,457,0.028645645827054977,
4,458,0.031335242092609406,
4,459,0.022334381937980652,
4,460,0.02432744950056076,
4,461,0.03568480536341667,
4,462,0.032908473163843155,
4,463,0.024014150723814964,
4,464,0.03126152977347374,
4,465,0.04116622731089592,
4,466,0.019377121701836586,
4,467,0.04045604169368744,
4,468,0.029157159850001335,
4,469,0.029480159282684326,
4,470,0.01677476428449154,
4,471,0.031175831332802773,
4,472,0.0339697040617466,
4,473,0.02763453498482704,
4,474,0.02301565743982792,
4,475,0.02358425408601761,
4,476,0.038499295711517334,
4,477,0.021108416840434074,
4,478,0.02752801589667797,
4,479,0.031137727200984955,
4,480,0.02191060036420822,
4,481,0.03825974091887474,
4,482,0.030403807759284973,
4,483,0.022087233141064644,
4,484,0.0237587783485651,
4,485,0.04748189076781273,
4,486,0.02057664655148983,
4,487,0.03809649869799614,
4,488,0.03335920348763466,
4,489,0.02039969153702259,
4,490,0.02339569851756096,
4,491,0.03871729224920273,
4,492,0.024194853380322456,
4,493,0.024061720818281174,
4,494,0.02137724496424198,
4,494,,0.03812890872359276
5,495,0.041390661150217056,
5,496,0.01898089237511158,
5,497,0.023035025224089622,
5,498,0.029160868376493454,
5,499,0.032259341329336166,
5,500,0.02629975788295269,
5,501,0.019760116934776306,
5,502,0.02888433076441288,
5,503,0.03502742946147919,
5,504,0.020223822444677353,
5,505,0.018342146649956703,
5,506,0.03639102727174759,
5,507,0.025247640907764435,
5,508,0.0280915517359972,
5,509,0.02409537509083748,
5,510,0.023120446130633354,
5,511,0.036215897649526596,
5,512,0.020236121490597725,
5,513,0.026250671595335007,
5,514,0.02324742078781128,
5,515,0.04175081476569176,
5,516,0.017545370385050774,
5,517,0.023744188249111176,
5,518,0.03544747084379196,
5,519,0.03389118239283562,
5,520,0.0218358151614666,
5,521,0.029850546270608902,
5,522,0.032502319663763046,
5,523,0.03256726264953613,
5,524,0.02153482288122177,
5,525,0.033360667526721954,
5,526,0.031952545046806335,
5,527,0.018625948578119278,
5,528,0.019211402162909508,
5,529,0.03072590008378029,
5,530,0.028877563774585724,
5,531,0.022607004269957542,
5,532,0.023635759949684143,
5,533,0.030673334375023842,
5,534,0.020709341391921043,
5,535,0.029411952942609787,
5,536,0.028764039278030396,
5,537,0.033695340156555176,
5,538,0.017879607155919075,
5,539,0.02913244254887104,
5,540,0.03677259758114815,
5,541,0.0233612023293972,
5,542,0.023227756842970848,
5,543,0.02855425886809826,
5,544,0.03612030670046806,
5,545,0.02075239084661007,
5,546,0.01658850535750389,
5,547,0.024371596053242683,
5,548,0.021766019985079765,
5,549,0.02630925364792347,
5,550,0.04010128974914551,
5,551,0.037498604506254196,
5,552,0.04109242185950279,
5,553,0.022598573938012123,
5,554,0.020971370860934258,
5,555,0.02013026364147663,
5,556,0.017338810488581657,
5,557,0.025921426713466644,
5,558,0.038734596222639084,
5,559,0.0182830560952425,
5,560,0.02575773559510708,
5,561,0.03666390851140022,
5,562,0.022262031212449074,
5,563,0.01831807941198349,
5,564,0.020896755158901215,
5,565,0.037213053554296494,
5,566,0.025327768176794052,
5,567,0.019399696961045265,
5,568,0.02695959433913231,
5,569,0.022164301946759224,
5,570,0.02670234814286232,
5,571,0.03279053047299385,
5,572,0.026943538337945938,
5,573,0.02229062281548977,
5,574,0.027273274958133698,
5,575,0.02193746343255043,
5,576,0.036247387528419495,
5,577,0.017984984442591667,
5,578,0.023484142497181892,
5,579,0.02142571471631527,
5,580,0.03370766341686249,
5,581,0.021660642698407173,
5,582,0.02748294174671173,
5,583,0.03269507363438606,
5,584,0.02173786051571369,
5,585,0.017414383590221405,
5,586,0.018381090834736824,
5,587,0.027598481625318527,
5,588,0.038906339555978775,
5,589,0.018701327964663506,
5,590,0.02852976694703102,
5,591,0.034603413194417953,
5,592,0.027161428704857826,
5,593,0.01897422969341278,
5,593,,0.026181042194366455
6,594,0.026251060888171196,
6,595,0.03756887838244438,
6,596,0.02742186188697815,
6,597,0.022155266255140305,
6,598,0.0431789830327034,
6,599,0.018019787967205048,
6,600,0.0366462878882885,
6,601,0.03330155462026596,
6,602,0.030584735795855522,
6,603,0.031048310920596123,
6,604,0.04044817015528679,
6,605,0.016785357147455215,
6,606,0.04985876753926277,
6,607,0.022113269194960594,
6,608,0.05102922022342682,
6,609,0.01758424937725067,
6,610,0.0558759905397892,
6,611,0.027146928012371063,
6,612,0.060894209891557693,
6,613,0.04274866357445717,
6,614,0.06541843712329865,
6,615,0.050557930022478104,
6,616,0.05532887578010559,
6,617,0.0576934777200222,
6,618,0.03900808468461037,
6,619,0.040224939584732056,
6,620,0.04438642039895058,
6,621,0.029833851382136345,
6,622,0.0669604241847992,
6,623,0.055561456829309464,
6,624,0.04345649480819702,
6,625,0.04931996762752533,
6,626,0.035934098064899445,
6,627,0.03077053278684616,
6,628,0.05216556414961815,
6,629,0.036949437111616135,
6,630,0.06228463724255562,
6,631,0.06099235638976097,
6,632,0.03403002396225929,
6,633,0.04273237660527229,
6,634,0.03382594510912895,
6,635,0.034757278859615326,
6,636,0.04469816014170647,
6,637,0.030772970989346504,
6,638,0.043623071163892746,
6,639,0.022292036563158035,
6,640,0.06145540252327919,
6,641,0.04749314859509468,
6,642,0.05114644020795822,
6,643,0.056370705366134644,
6,644,0.030583268031477928,
6,645,0.03623826801776886,
6,646,0.03882340341806412,
6,647,0.035864558070898056,
6,648,0.04104059189558029,
6,649,0.02147163264453411,
6,650,0.06139576435089111,
6,651,0.04936959221959114,
6,652,0.04504778981208801,
6,653,0.052908819168806076,
6,654,0.02633274532854557,
6,655,0.024686258286237717,
6,656,0.0456492081284523,
6,657,0.02993636205792427,
6,658,0.05621897801756859,
6,659,0.05214497819542885,
6,660,0.03597354143857956,
6,661,0.040690068155527115,
6,662,0.030695103108882904,
6,663,0.02866976335644722,
6,664,0.04270316660404205,
6,665,0.021873299032449722,
6,666,0.06156226247549057,
6,667,0.04732970520853996,
6,668,0.04843737557530403,
6,669,0.05495034158229828,
6,670,0.01769021339714527,
6,671,0.04876254126429558,
6,672,0.020436646416783333,
6,673,0.05779002234339714,
6,674,0.04527933895587921,
6,675,0.04562851041555405,
6,676,0.054880984127521515,
6,677,0.021970704197883606,
6,678,0.03752395883202553,
6,679,0.02500062994658947,
6,680,0.021077334880828857,
6,681,0.04058314114809036,
6,682,0.030078552663326263,
6,683,0.04214808717370033,
6,684,0.028305010870099068,
6,685,0.04988972097635269,
6,686,0.04722435399889946,
6,687,0.03597527742385864,
6,688,0.03509640321135521,
6,689,0.035215526819229126,
6,690,0.03287907689809799,
6,691,0.0443662591278553,
6,692,0.03717244043946266,
6,692,,0.0368371456861496
7,693,0.03813181072473526,
7,694,0.03786276653409004,
7,695,0.037131424993276596,
7,696,0.03255655616521835,
7,697,0.045576345175504684,
7,698,0.036948926746845245,
7,699,0.04171910881996155,
7,700,0.04113389179110527,
7,701,0.03389563038945198,
7,702,0.03248800337314606,
7,703,0.034930333495140076,
7,704,0.024636849761009216,
7,705,0.04778612405061722,
7,706,0.040148764848709106,
7,707,0.03884853795170784,
7,708,0.0399288572371006,
7,709,0.029848819598555565,
7,710,0.02896246686577797,
7,711,0.037767402827739716,
7,712,0.03358643501996994,
7,713,0.04012446105480194,
7,714,0.03686300292611122,
7,715,0.03686508163809776,
7,716,0.030484149232506752,
7,717,0.042875275015830994,
7,718,0.036278367042541504,
7,719,0.037700898945331573,
7,720,0.03813283145427704,
7,721,0.029222521930933,
7,722,0.025185199454426765,
7,723,0.04300108924508095,
7,724,0.028813282027840614,
7,725,0.049929264932870865,
7,726,0.048236727714538574,
7,727,0.02768785133957863,
7,728,0.035541366785764694,
7,729,0.030004894360899925,
7,730,0.026860946789383888,
7,731,0.03636465594172478,
7,732,0.020062273368239403,
7,733,0.04754743352532387,
7,734,0.037565577775239944,
7,735,0.03666355088353157,
7,736,0.03610493987798691,
7,737,0.0346757210791111,
7,738,0.03256307914853096,
7,739,0.03797301650047302,
7,740,0.038658563047647476,
7,741,0.030646931380033493,
7,742,0.02511586993932724,
7,743,0.03497375547885895,
7,744,0.022145049646496773,
7,745,0.04529677703976631,
7,746,0.03562915325164795,
7,747,0.03931049630045891,
7,748,0.04742181673645973,
7,749,0.027276700362563133,
7,750,0.033698130398988724,
7,751,0.03191908076405525,
7,752,0.030383551493287086,
7,753,0.034388963133096695,
7,754,0.027753621339797974,
7,755,0.03181915357708931,
7,756,0.02082040347158909,
7,757,0.04574347659945488,
7,758,0.040680646896362305,
7,759,0.03109324909746647,
7,760,0.027849072590470314,
7,761,0.0385926254093647,
7,762,0.03330066055059433,
7,763,0.03538638353347778,
7,764,0.03408745303750038,
7,765,0.04118664190173149,
7,766,0.04734613001346588,
7,767,0.023489665240049362,
7,768,0.03787947818636894,
7,769,0.0180914755910635,
7,770,0.03523383289575577,
7,771,0.023650653660297394,
7,772,0.031563643366098404,
7,773,0.016363205388188362,
7,774,0.026188187301158905,
7,775,0.017705751582980156,
7,776,0.017415381968021393,
7,777,0.027013981714844704,
7,778,0.023409254848957062,
7,779,0.01937953568994999,
7,780,0.02118055708706379,
7,781,0.02191813662648201,
7,782,0.017181232571601868,
7,783,0.031177112832665443,
7,784,0.018498290330171585,
7,785,0.017300887033343315,
7,786,0.020584871992468834,
7,787,0.021447470411658287,
7,788,0.020151028409600258,
7,789,0.016315536573529243,
7,790,0.021667642518877983,
7,791,0.01746944524347782,
7,791,,0.017526034265756607
8,792,0.017551707103848457,
8,793,0.02345825359225273,
8,794,0.024690167978405952,
8,795,0.017240172252058983,
8,796,0.02192535065114498,
8,797,0.02318642847239971,
8,798,0.017663616687059402,
8,799,0.031854309141635895,
8,800,0.03077196143567562,
8,801,0.016869856044650078,
8,802,0.025773292407393456,
8,803,0.024731457233428955,
8,804,0.01694510690867901,
8,805,0.022531751543283463,
8,806,0.028005894273519516,
8,807,0.014952698722481728,
8,808,0.028353704139590263,
8,809,0.021430278196930885,
8,810,0.016324525699019432,
8,811,0.025455569848418236,
8,812,0.02063288725912571,
8,813,0.018127450719475746,
8,814,0.017674582079052925,
8,815,0.029196392744779587,
8,816,0.020046841353178024,
8,817,0.023208672180771828,
8,818,0.02750326879322529,
8,819,0.025161975994706154,
8,820,0.022411471232771873,
8,821,0.027205655351281166,
8,822,0.03000389039516449,
8,823,0.02306218259036541,
8,824,0.028796540573239326,
8,825,0.021495604887604713,
8,826,0.02961287461221218,
8,827,0.019525712355971336,
8,828,0.0189808439463377,
8,829,0.027919266372919083,
8,830,0.017199737951159477,
8,831,0.02643248252570629,
8,832,0.021708112210035324,
8,833,0.02006404474377632,
8,834,0.015104667283594608,
8,835,0.017976008355617523,
8,836,0.021658601239323616,
8,837,0.01978379674255848,
8,838,0.018992548808455467,
8,839,0.029465077444911003,
8,840,0.021933456882834435,
8,841,0.023780349642038345,
8,842,0.026700671762228012,
8,843,0.016447097063064575,
8,844,0.024355072528123856,
8,845,0.023574823513627052,
8,846,0.019722208380699158,
8,847,0.017917416989803314,
8,848,0.019626816734671593,
8,849,0.028579311445355415,
8,850,0.01869089901447296,
8,851,0.02672046236693859,
8,852,0.019875653088092804,
8,853,0.023505976423621178,
8,854,0.01754308119416237,
8,855,0.024254437536001205,
8,856,0.018224086612462997,
8,857,0.0204059686511755,
8,858,0.023385198786854744,
8,859,0.02355448342859745,
8,860,0.020345957949757576,
8,861,0.019640496000647545,
8,862,0.030940907076001167,
8,863,0.0280478335916996,
8,864,0.02597920224070549,
8,865,0.020249636843800545,
8,866,0.023442162200808525,
8,867,0.018333477899432182,
8,868,0.027197832241654396,
8,869,0.021283522248268127,
8,870,0.015503481030464172,
8,871,0.02146938256919384,
8,872,0.028882360085844994,
8,873,0.016598856076598167,
8,874,0.028301294893026352,
8,875,0.024504443630576134,
8,876,0.025149941444396973,
8,877,0.02675445005297661,
8,878,0.030964883044362068,
8,879,0.025346241891384125,
8,880,0.028976649045944214,
8,881,0.016537804156541824,
8,882,0.019089357927441597,
8,883,0.03577430173754692,
8,884,0.029489053413271904,
8,885,0.037866465747356415,
8,886,0.01930708810687065,
8,887,0.055500518530607224,
8,888,0.04106709733605385,
8,889,0.04198083654046059,
8,890,0.049708444625139236,
8,890,,0.024349456652998924
9,891,0.023261824622750282,
9,892,0.02478322945535183,
9,893,0.035814110189676285,
9,894,0.019886890426278114,
9,895,0.05436433479189873,
9,896,0.03740760684013367,
9,897,0.043014004826545715,
9,898,0.0454251728951931,
9,899,0.027043985202908516,
9,900,0.03776058927178383,
9,901,0.02539784274995327,
9,902,0.022986987605690956,
9,903,0.024432221427559853,
9,904,0.02053331397473812,
9,905,0.02161031775176525,
9,906,0.018401719629764557,
9,907,0.03347513824701309,
9,908,0.02180006541311741,
9,909,0.03114662878215313,
9,910,0.02136673778295517,
9,911,0.024709496647119522,
9,912,0.02719738334417343,
9,913,0.020134106278419495,
9,914,0.019077228382229805,
9,915,0.026978855952620506,
9,916,0.016172723844647408,
9,917,0.02227773703634739,
9,918,0.022520214319229126,
9,919,0.02892639860510826,
9,920,0.018192710354924202,
9,921,0.03150850906968117,
9,922,0.02269332855939865,
9,923,0.023015614598989487,
9,924,0.027018282562494278,
9,925,0.01775817573070526,
9,926,0.024721339344978333,
9,927,0.028017597272992134,
9,928,0.021796902641654015,
9,929,0.029439155012369156,
9,930,0.018211878836154938,
9,931,0.026071136817336082,
9,932,0.027542291209101677,
9,933,0.016241542994976044,
9,934,0.015660936012864113,
9,935,0.018790656700730324,
9,936,0.020249387249350548,
9,937,0.022005775943398476,
9,938,0.031469911336898804,
9,939,0.02612467296421528,
9,940,0.023289794102311134,
9,941,0.02154715731739998,
9,942,0.023329783231019974,
9,943,0.022067150101065636,
9,944,0.026595311239361763,
9,945,0.01792611926794052,
9,946,0.018254460766911507,
9,947,0.018559139221906662,
9,948,0.033805958926677704,
9,949,0.023916838690638542,
9,950,0.02894960530102253,
9,951,0.02754892036318779,
9,952,0.01982712186872959,
9,953,0.039312977343797684,
9,954,0.022671068087220192,
9,955,0.04639637842774391,
9,956,0.035528477281332016,
9,957,0.04871617630124092,
9,958,0.0489247664809227,
9,959,0.02563932165503502,
9,960,0.03311491757631302,
9,961,0.03081537038087845,
9,962,0.0234127976000309,
9,963,0.038166094571352005,
9,964,0.022685792297124863,
9,965,0.05814583972096443,
9,966,0.05389797315001488,
9,967,0.026133721694350243,
9,968,0.03974249213933945,
9,969,0.022128816694021225,
9,970,0.031067946925759315,
9,971,0.018605899065732956,
9,972,0.025212794542312622,
9,973,0.02495712786912918,
9,974,0.0198589488863945,
9,975,0.019570231437683105,
9,976,0.01721537671983242,
9,977,0.025187872350215912,
9,978,0.02274627797305584,
9,979,0.018557174131274223,
9,980,0.035448700189590454,
9,981,0.023176144808530807,
9,982,0.02660362422466278,
9,983,0.020344216376543045,
9,984,0.01630277931690216,
9,985,0.03084583766758442,
9,986,0.016618942841887474,
9,987,0.02239505760371685,
9,988,0.024393301457166672,
9,989,0.026302484795451164,
9,989,,0.023946067318320274
10,990,0.02565382793545723,
10,991,0.025285281240940094,
10,992,0.016790226101875305,
10,993,0.026931118220090866,
10,994,0.02901661954820156,
10,995,0.031185032799839973,
10,996,0.02296534739434719,
10,997,0.0179260466247797,
10,998,0.020683633163571358,
10,999,0.024933679029345512,
10,1000,0.02100936323404312,
10,1001,0.025098714977502823,
10,1002,0.018833721056580544,
10,1003,0.02615993842482567,
10,1004,0.018478211015462875,
10,1005,0.019357504323124886,
10,1006,0.0236796997487545,
10,1007,0.016252733767032623,
10,1008,0.015756430104374886,
10,1009,0.016720740124583244,
10,1010,0.01671462319791317,
10,1011,0.022035179659724236,
10,1012,0.018677104264497757,
10,1013,0.021883122622966766,
10,1014,0.019297461956739426,
10,1015,0.028755564242601395,
10,1016,0.01807258278131485,
10,1017,0.01979071833193302,
10,1018,0.031143592670559883,
10,1019,0.017899351194500923,
10,1020,0.020011762157082558,
10,1021,0.028185850009322166,
10,1022,0.020267978310585022,
10,1023,0.022963877767324448,
10,1024,0.025672754272818565,
10,1025,0.026094788685441017,
10,1026,0.026415856555104256,
10,1027,0.02367825247347355,
10,1028,0.01803290657699108,
10,1029,0.0224576685577631,
10,1030,0.036219652742147446,
10,1031,0.029244137927889824,
10,1032,0.02774042822420597,
10,1033,0.01739887148141861,
10,1034,0.026079364120960236,
10,1035,0.02008586749434471,
10,1036,0.022132478654384613,
10,1037,0.015305719338357449,
10,1038,0.03170022740960121,
10,1039,0.023184649646282196,
10,1040,0.02388034202158451,
10,1041,0.020801573991775513,
10,1042,0.016612693667411804,
10,1043,0.019654979929327965,
10,1044,0.018079977482557297,
10,1045,0.01854551024734974,
10,1046,0.01770498789846897,
10,1047,0.02035963349044323,
10,1048,0.022502675652503967,
10,1049,0.020461518317461014,
10,1050,0.014071532525122166,
10,1051,0.020945444703102112,
10,1052,0.026653556153178215,
10,1053,0.02937212586402893,
10,1054,0.02936798892915249,
10,1055,0.019246427342295647,
10,1056,0.01762695610523224,
10,1057,0.01612715795636177,
10,1058,0.0266813263297081,
10,1059,0.035693418234586716,
10,1060,0.030260426923632622,
10,1061,0.028971828520298004,
10,1062,0.019429897889494896,
10,1063,0.022697975859045982,
10,1064,0.028482899069786072,
10,1065,0.02742893248796463,
10,1066,0.028150679543614388,
10,1067,0.023534126579761505,
10,1068,0.017587151378393173,
10,1069,0.019907338544726372,
10,1070,0.02325109951198101,
10,1071,0.024766551330685616,
10,1072,0.019899440929293633,
10,1073,0.021107511594891548,
10,1074,0.025706645101308823,
10,1075,0.020886490121483803,
10,1076,0.023647308349609375,
10,1077,0.02965896762907505,
10,1078,0.016213910654187202,
10,1079,0.03181998059153557,
10,1080,0.019571583718061447,
10,1081,0.018384361639618874,
10,1082,0.029635539278388023,
10,1083,0.030129458755254745,
10,1084,0.023521266877651215,
10,1085,0.03618806228041649,
10,1086,0.020031094551086426,
10,1087,0.04971490427851677,
10,1088,0.03615499660372734,
10,1088,,0.04371454566717148
11,1089,0.04437455162405968,
11,1090,0.04361867904663086,
11,1091,0.03762366250157356,
11,1092,0.044592730700969696,
11,1093,0.023243043571710587,
11,1094,0.03346491977572441,
11,1095,0.030632352456450462,
11,1096,0.023150598630309105,
11,1097,0.03286806866526604,
11,1098,0.029244134202599525,
11,1099,0.035950783640146255,
11,1100,0.024138526991009712,
11,1101,0.037984296679496765,
11,1102,0.019989555701613426,
11,1103,0.03975234553217888,
11,1104,0.018826020881533623,
11,1105,0.0465935654938221,
11,1106,0.03577210381627083,
11,1107,0.05272139981389046,
11,1108,0.05613286420702934,
11,1109,0.02575182169675827,
11,1110,0.05020632967352867,
11,1111,0.029070379212498665,
11,1112,0.055719681084156036,
11,1113,0.06330248713493347,
11,1114,0.017002834007143974,
11,1115,0.058304037898778915,
11,1116,0.0396512970328331,
11,1117,0.04749594256281853,
11,1118,0.04652144014835358,
11,1119,0.027279116213321686,
11,1120,0.030857663601636887,
11,1121,0.029264435172080994,
11,1122,0.02229180559515953,
11,1123,0.04047006741166115,
11,1124,0.029421770945191383,
11,1125,0.04876032844185829,
11,1126,0.039632800966501236,
11,1127,0.03650369122624397,
11,1128,0.03642563149333,
11,1129,0.03309641033411026,
11,1130,0.02859548293054104,
11,1131,0.0348687544465065,
11,1132,0.028608154505491257,
11,1133,0.03789233788847923,
11,1134,0.03810165077447891,
11,1135,0.03536032512784004,
11,1136,0.03278851509094238,
11,1137,0.03376280143857002,
11,1138,0.032341282814741135,
11,1139,0.037196677178144455,
11,1140,0.032393984496593475,
11,1141,0.031196624040603638,
11,1142,0.030508968979120255,
11,1143,0.03556827828288078,
11,1144,0.03261673450469971,
11,1145,0.03133121132850647,
11,1146,0.03583307936787605,
11,1147,0.029111985117197037,
11,1148,0.028002040460705757,
11,1149,0.03133634105324745,
11,1150,0.020670980215072632,
11,1151,0.039060041308403015,
11,1152,0.0298366267234087,
11,1153,0.038124438375234604,
11,1154,0.03996485471725464,
11,1155,0.02331014722585678,
11,1156,0.02246575616300106,
11,1157,0.036527130752801895,
11,1158,0.035417504608631134,
11,1159,0.03561657294631004,
11,1160,0.02992417849600315,
11,1161,0.030842741951346397,
11,1162,0.026262789964675903,
11,1163,0.03504831716418266,
11,1164,0.02772423066198826,
11,1165,0.03315998241305351,
11,1166,0.029498355463147163,
11,1167,0.037361450493335724,
11,1168,0.04005269706249237,
11,1169,0.019414952024817467,
11,1170,0.017858458682894707,
11,1171,0.03240836411714554,
11,1172,0.026741357520222664,
11,1173,0.03384258225560188,
11,1174,0.023455224931240082,
11,1175,0.0366109199821949,
11,1176,0.030912144109606743,
11,1177,0.03428336977958679,
11,1178,0.03813650459051132,
11,1179,0.024733833968639374,
11,1180,0.025099704042077065,
11,1181,0.030255578458309174,
11,1182,0.02376410737633705,
11,1183,0.040629900991916656,
11,1184,0.03441336378455162,
11,1185,0.02622435986995697,
11,1186,0.029080796986818314,
11,1187,0.028292614966630936,
11,1187,,0.02039835788309574
12,1188,0.02139141410589218,
12,1189,0.03441236913204193,
12,1190,0.022897347807884216,
12,1191,0.04149514436721802,
12,1192,0.03634488210082054,
12,1193,0.024928297847509384,
12,1194,0.029550669714808464,
12,1195,0.029341822490096092,
12,1196,0.02585013583302498,
12,1197,0.033582258969545364,
12,1198,0.030652126297354698,
12,1199,0.02986631914973259,
12,1200,0.02361716702580452,
12,1201,0.04405272752046585,
12,1202,0.042164742946624756,
12,1203,0.025352973490953445,
12,1204,0.0378226600587368,
12,1205,0.022342516109347343,
12,1206,0.04056769609451294,
12,1207,0.025984816253185272,
12,1208,0.04443024843931198,
12,1209,0.04325773939490318,
12,1210,0.024386273697018623,
12,1211,0.037165336310863495,
12,1212,0.02228587307035923,
12,1213,0.03949933126568794,
12,1214,0.027147041633725166,
12,1215,0.03914538770914078,
12,1216,0.04597512260079384,
12,1217,0.02211625874042511,
12,1218,0.03057769499719143,
12,1219,0.014894437976181507,
12,1220,0.024216672405600548,
12,1221,0.022682856768369675,
12,1222,0.024836452677845955,
12,1223,0.019409267231822014,
12,1224,0.024722998961806297,
12,1225,0.020807458087801933,
12,1226,0.022306790575385094,
12,1227,0.015769653022289276,
12,1228,0.020309869199991226,
12,1229,0.019913166761398315,
12,1230,0.016785159707069397,
12,1231,0.016967715695500374,
12,1232,0.02104460634291172,
12,1233,0.0162285678088665,
12,1234,0.018156426027417183,
12,1235,0.016443440690636635,
12,1236,0.0164692010730505,
12,1237,0.016652118414640427,
12,1238,0.02175220102071762,
12,1239,0.015632325783371925,
12,1240,0.022474350407719612,
12,1241,0.0175713412463665,
12,1242,0.016804032027721405,
12,1243,0.020960206165909767,
12,1244,0.016830727458000183,
12,1245,0.021017370745539665,
12,1246,0.03205535560846329,
12,1247,0.01612969860434532,
12,1248,0.02324729599058628,
12,1249,0.019867194816470146,
12,1250,0.018653418868780136,
12,1251,0.015274652279913425,
12,1252,0.022469501942396164,
12,1253,0.01608414575457573,
12,1254,0.017126426100730896,
12,1255,0.015660718083381653,
12,1256,0.015758000314235687,
12,1257,0.019242482259869576,
12,1258,0.01820545829832554,
12,1259,0.01868974231183529,
12,1260,0.018678920343518257,
12,1261,0.023002568632364273,
12,1262,0.03154269605875015,
12,1263,0.027824539691209793,
12,1264,0.02022349275648594,
12,1265,0.02175985835492611,
12,1266,0.01933235675096512,
12,1267,0.020343491807579994,
12,1268,0.020237689837813377,
12,1269,0.02629733830690384,
12,1270,0.013877679593861103,
12,1271,0.024306906387209892,
12,1272,0.018910599872469902,
12,1273,0.026590580120682716,
12,1274,0.014145364984869957,
12,1275,0.019016379490494728,
12,1276,0.02054782025516033,
12,1277,0.016533171758055687,
12,1278,0.016625043004751205,
12,1279,0.029410304501652718,
12,1280,0.02065698243677616,
12,1281,0.01705116406083107,
12,1282,0.022458216175436974,
12,1283,0.02043933793902397,
12,1284,0.01882803440093994,
12,1285,0.018387004733085632,
12,1286,0.017072685062885284,
12,1286,,0.01851906068623066
13,1287,0.017467182129621506,
13,1288,0.020117515698075294,
13,1289,0.03258197009563446,
13,1290,0.023333802819252014,
13,1291,0.01523537840694189,
13,1292,0.02245001122355461,
13,1293,0.01605820469558239,
13,1294,0.01619989424943924,
13,1295,0.01630956493318081,
13,1296,0.018622208386659622,
13,1297,0.017298739403486252,
13,1298,0.019211290404200554,
13,1299,0.023204859346151352,
13,1300,0.025667911395430565,
13,1301,0.03409372270107269,
13,1302,0.01956091821193695,
13,1303,0.017010552808642387,
13,1304,0.0248311385512352,
13,1305,0.017991039901971817,
13,1306,0.02138853631913662,
13,1307,0.027759656310081482,
13,1308,0.021070880815386772,
13,1309,0.028291108086705208,
13,1310,0.016812141984701157,
13,1311,0.014994729310274124,
13,1312,0.024121979251503944,
13,1313,0.019457213580608368,
13,1314,0.0219902191311121,
13,1315,0.014624877832829952,
13,1316,0.022056100890040398,
13,1317,0.02080054208636284,
13,1318,0.018240313977003098,
13,1319,0.02753862738609314,
13,1320,0.018676675856113434,
13,1321,0.019317256286740303,
13,1322,0.018270280212163925,
13,1323,0.021094363182783127,
13,1324,0.02957199700176716,
13,1325,0.01656067930161953,
13,1326,0.028446024283766747,
13,1327,0.020649392157793045,
13,1328,0.017882900312542915,
13,1329,0.027339020743966103,
13,1330,0.026137689128518105,
13,1331,0.021493427455425262,
13,1332,0.024565141648054123,
13,1333,0.02690456062555313,
13,1334,0.01921541430056095,
13,1335,0.029704846441745758,
13,1336,0.017760001122951508,
13,1337,0.028334299102425575,
13,1338,0.018069319427013397,
13,1339,0.020511729642748833,
13,1340,0.02212139405310154,
13,1341,0.019745636731386185,
13,1342,0.0243036150932312,
13,1343,0.027949083596467972,
13,1344,0.020309412851929665,
13,1345,0.015245137736201286,
13,1346,0.021238690242171288,
13,1347,0.026455096900463104,
13,1348,0.014421450905501842,
13,1349,0.02391679584980011,
13,1350,0.017238503322005272,
13,1351,0.02117195352911949,
13,1352,0.02034645341336727,
13,1353,0.01794128492474556,
13,1354,0.022543642669916153,
13,1355,0.015075388364493847,
13,1356,0.01433764211833477,
13,1357,0.021511776372790337,
13,1358,0.02346443198621273,
13,1359,0.015419811010360718,
13,1360,0.019187534227967262,
13,1361,0.022627120837569237,
13,1362,0.018931468948721886,
13,1363,0.017861707136034966,
13,1364,0.025105493143200874,
13,1365,0.015175264328718185,
13,1366,0.022072328254580498,
13,1367,0.01785881631076336,
13,1368,0.013970017433166504,
13,1369,0.015773208811879158,
13,1370,0.01779102347791195,
13,1371,0.01859605684876442,
13,1372,0.021677130833268166,
13,1373,0.02140592224895954,
13,1374,0.01743774488568306,
13,1375,0.027963967993855476,
13,1376,0.01904245838522911,
13,1377,0.02411922626197338,
13,1378,0.018496595323085785,
13,1379,0.020426807925105095,
13,1380,0.024583319202065468,
13,1381,0.01918281614780426,
13,1382,0.025947052985429764,
13,1383,0.01938638836145401,
13,1384,0.018629809841513634,
13,1385,0.02222331427037716,
13,1385,,0.01682737097144127
14,1386,0.019792158156633377,
14,1387,0.022092347964644432,
14,1388,0.01566484197974205,
14,1389,0.01631350629031658,
14,1390,0.017229292541742325,
14,1391,0.0312705859541893,
14,1392,0.018232066184282303,
14,1393,0.02357177995145321,
14,1394,0.020869916304945946,
14,1395,0.02675228752195835,
14,1396,0.017632199451327324,
14,1397,0.026125703006982803,
14,1398,0.021472610533237457,
14,1399,0.01638101227581501,
14,1400,0.028004221618175507,
14,1401,0.023011809214949608,
14,1402,0.016045909374952316,
14,1403,0.02431723289191723,
14,1404,0.021482184529304504,
14,1405,0.020816776901483536,
14,1406,0.02570239081978798,
14,1407,0.028278006240725517,
14,1408,0.023068584501743317,
14,1409,0.01697256788611412,
14,1410,0.019009631127119064,
14,1411,0.017406871542334557,
14,1412,0.02848096564412117,
14,1413,0.021293947473168373,
14,1414,0.0181390643119812,
14,1415,0.02132922038435936,
14,1416,0.021951111033558846,
14,1417,0.03188649192452431,
14,1418,0.024713413789868355,
14,1419,0.016874464228749275,
14,1420,0.025089330971240997,
14,1421,0.014724756591022015,
14,1422,0.028352946043014526,
14,1423,0.016804195940494537,
14,1424,0.016984691843390465,
14,1425,0.027932265773415565,
14,1426,0.022830331698060036,
14,1427,0.02043553814291954,
14,1428,0.02693198435008526,
14,1429,0.017675286158919334,
14,1430,0.02688290737569332,
14,1431,0.024171307682991028,
14,1432,0.01821250095963478,
14,1433,0.03515513613820076,
14,1434,0.02053414285182953,
14,1435,0.04315287247300148,
14,1436,0.020520983263850212,
14,1437,0.056391481310129166,
14,1438,0.052122265100479126,
14,1439,0.032355643808841705,
14,1440,0.04090171679854393,
14,1441,0.019509097561240196,
14,1442,0.0233275406062603,
14,1443,0.03269499912858009,
14,1444,0.019378352910280228,
14,1445,0.04649108648300171,
14,1446,0.032725539058446884,
14,1447,0.0469348207116127,
14,1448,0.04692847281694412,
14,1449,0.02737640216946602,
14,1450,0.03409397229552269,
14,1451,0.0261837225407362,
14,1452,0.02737181819975376,
14,1453,0.027766311541199684,
14,1454,0.018803823739290237,
14,1455,0.0313292071223259,
14,1456,0.0355689600110054,
14,1457,0.036646511405706406,
14,1458,0.029204975813627243,
14,1459,0.03561994805932045,
14,1460,0.023538444191217422,
14,1461,0.04586927220225334,
14,1462,0.0324808806180954,
14,1463,0.03944479674100876,
14,1464,0.040036533027887344,
14,1465,0.025848889723420143,
14,1466,0.04070359095931053,
14,1467,0.01949722319841385,
14,1468,0.02066820114850998,
14,1469,0.025471050292253494,
14,1470,0.016223400831222534,
14,1471,0.020902767777442932,
14,1472,0.027279647067189217,
14,1473,0.025040175765752792,
14,1474,0.020804513245821,
14,1475,0.01946716196835041,
14,1476,0.017040103673934937,
14,1477,0.01635214127600193,
14,1478,0.02580011449754238,
14,1479,0.015119489282369614,
14,1480,0.02195848524570465,
14,1481,0.015325495973229408,
14,1482,0.01833578385412693,
14,1483,0.02202860824763775,
14,1484,0.017553798854351044,
14,1484,,0.016182390972971916
15,1485,0.014295675791800022,
15,1486,0.017581956461071968,
15,1487,0.028695186600089073,
15,1488,0.020510409027338028,
15,1489,0.024357100948691368,
15,1490,0.017731232568621635,
15,1491,0.020285537466406822,
15,1492,0.02411959320306778,
15,1493,0.029719999060034752,
15,1494,0.017248842865228653,
15,1495,0.027835892513394356,
15,1496,0.012613140977919102,
15,1497,0.02267194539308548,
15,1498,0.029152173548936844,
15,1499,0.019337110221385956,
15,1500,0.02592882327735424,
15,1501,0.01807674765586853,
15,1502,0.02048587054014206,
15,1503,0.02477933280169964,
15,1504,0.016491716727614403,
15,1505,0.02367374300956726,
15,1506,0.021134262904524803,
15,1507,0.025410223752260208,
15,1508,0.020395580679178238,
15,1509,0.019363775849342346,
15,1510,0.025281723588705063,
15,1511,0.01613224297761917,
15,1512,0.02064942941069603,
15,1513,0.021152768284082413,
15,1514,0.017769260331988335,
15,1515,0.02123303711414337,
15,1516,0.02667265571653843,
15,1517,0.01388173084706068,
15,1518,0.033583398908376694,
15,1519,0.017727863043546677,
15,1520,0.0330982580780983,
15,1521,0.01719438098371029,
15,1522,0.03709227219223976,
15,1523,0.022031327709555626,
15,1524,0.03948332369327545,
15,1525,0.026021506637334824,
15,1526,0.045644573867321014,
15,1527,0.039864860475063324,
15,1528,0.03505745902657509,
15,1529,0.038287024945020676,
15,1530,0.02067939005792141,
15,1531,0.024558521807193756,
15,1532,0.029511887580156326,
15,1533,0.02240050584077835,
15,1534,0.037790991365909576,
15,1535,0.024511059746146202,
15,1536,0.041116729378700256,
15,1537,0.032012175768613815,
15,1538,0.037530191242694855,
15,1539,0.03971193730831146,
15,1540,0.028312459588050842,
15,1541,0.031425200402736664,
15,1542,0.02887772209942341,
15,1543,0.032098665833473206,
15,1544,0.026145612820982933,
15,1545,0.030332626774907112,
15,1546,0.026827070862054825,
15,1547,0.017697418108582497,
15,1548,0.03489838168025017,
15,1549,0.02040678635239601,
15,1550,0.03099939040839672,
15,1551,0.023741530254483223,
15,1552,0.02952626906335354,
15,1553,0.030336830765008926,
15,1554,0.027574611827731133,
15,1555,0.017959527671337128,
15,1556,0.026596246287226677,
15,1557,0.02268991991877556,
15,1558,0.0222324226051569,
15,1559,0.023527713492512703,
15,1560,0.02222137711942196,
15,1561,0.02840711548924446,
15,1562,0.019462663680315018,
15,1563,0.03895828500390053,
15,1564,0.017865339294075966,
15,1565,0.03491608053445816,
15,1566,0.02008061297237873,
15,1567,0.04366062954068184,
15,1568,0.04271480441093445,
15,1569,0.033945661038160324,
15,1570,0.03766338527202606,
15,1571,0.018186265602707863,
15,1572,0.03830419108271599,
15,1573,0.024842893704771996,
15,1574,0.03660203143954277,
15,1575,0.021072247996926308,
15,1576,0.04999874532222748,
15,1577,0.04423768073320389,
15,1578,0.02077823504805565,
15,1579,0.030265111476182938,
15,1580,0.019789010286331177,
15,1581,0.03339577466249466,
15,1582,0.02264813892543316,
15,1583,0.021880317479372025,
15,1583,,0.019859666004776955
16,1584,0.02001705765724182,
16,1585,0.021667279303073883,
16,1586,0.0176542941480875,
16,1587,0.028378445655107498,
16,1588,0.021725017577409744,
16,1589,0.021034179255366325,
16,1590,0.021638767793774605,
16,1591,0.015335572883486748,
16,1592,0.02029011957347393,
16,1593,0.021750757470726967,
16,1594,0.020976770669221878,
16,1595,0.016969285905361176,
16,1596,0.01568656601011753,
16,1597,0.0195363350212574,
16,1598,0.016721928492188454,
16,1599,0.01805783063173294,
16,1600,0.017675349488854408,
16,1601,0.020564712584018707,
16,1602,0.017694758251309395,
16,1603,0.024337826296687126,
16,1604,0.018778299912810326,
16,1605,0.02382521517574787,
16,1606,0.015846215188503265,
16,1607,0.030983245000243187,
16,1608,0.015028723515570164,
16,1609,0.022707611322402954,
16,1610,0.02477453462779522,
16,1611,0.02115669474005699,
16,1612,0.029490916058421135,
16,1613,0.023099184036254883,
16,1614,0.02927393838763237,
16,1615,0.019972393289208412,
16,1616,0.02767396718263626,
16,1617,0.01662435010075569,
16,1618,0.02789548970758915,
16,1619,0.0211280919611454,
16,1620,0.02170221507549286,
16,1621,0.02157638594508171,
16,1622,0.016871372237801552,
16,1623,0.03301204368472099,
16,1624,0.02571163885295391,
16,1625,0.0324481800198555,
16,1626,0.02513864077627659,
16,1627,0.027173500508069992,
16,1628,0.018259527161717415,
16,1629,0.019042834639549255,
16,1630,0.02305053174495697,
16,1631,0.01846916787326336,
16,1632,0.02164713479578495,
16,1633,0.01771489530801773,
16,1634,0.029299035668373108,
16,1635,0.025303257629275322,
16,1636,0.018317237496376038,
16,1637,0.022269831970334053,
16,1638,0.020835451781749725,
16,1639,0.014962400309741497,
16,1640,0.01570644974708557,
16,1641,0.01684720069169998,
16,1642,0.022538872435688972,
16,1643,0.027246735990047455,
16,1644,0.02207108773291111,
16,1645,0.018228251487016678,
16,1646,0.0207079891115427,
16,1647,0.019788473844528198,
16,1648,0.017787890508770943,
16,1649,0.017999909818172455,
16,1650,0.019947880879044533,
16,1651,0.024043986573815346,
16,1652,0.017848731949925423,
16,1653,0.016195395961403847,
16,1654,0.016861535608768463,
16,1655,0.028000904247164726,
16,1656,0.024949338287115097,
16,1657,0.01525774598121643,
16,1658,0.018111616373062134,
16,1659,0.01996547356247902,
16,1660,0.022613467648625374,
16,1661,0.017037350684404373,
16,1662,0.02035842090845108,
16,1663,0.023677319288253784,
16,1664,0.018078437075018883,
16,1665,0.016614340245723724,
16,1666,0.02304847724735737,
16,1667,0.015844715759158134,
16,1668,0.016305722296237946,
16,1669,0.01659306325018406,
16,1670,0.019872084259986877,
16,1671,0.023531293496489525,
16,1672,0.016276029869914055,
16,1673,0.023641042411327362,
16,1674,0.032961104065179825,
16,1675,0.02443435601890087,
16,1676,0.0241897851228714,
16,1677,0.014685813337564468,
16,1678,0.020797457545995712,
16,1679,0.023419540375471115,
16,1680,0.017304863780736923,
16,1681,0.020669138059020042,
16,1682,0.028344225138425827,
16,1682,,0.017758343368768692
17,1683,0.020083481445908546,
17,1684,0.03346725180745125,
17,1685,0.018450992181897163,
17,1686,0.03630436956882477,
17,1687,0.02533937804400921,
17,1688,0.0381656140089035,
17,1689,0.03325195237994194,
17,1690,0.033770039677619934,
17,1691,0.02374289557337761,
17,1692,0.04822626709938049,
17,1693,0.04528849944472313,
17,1694,0.02700221911072731,
17,1695,0.04073955491185188,
17,1696,0.019412007182836533,
17,1697,0.03634955361485481,
17,1698,0.0177280455827713,
17,1699,0.042071759700775146,
17,1700,0.027931537479162216,
17,1701,0.04416535422205925,
17,1702,0.04219195619225502,
17,1703,0.024762433022260666,
17,1704,0.028545912355184555,
17,1705,0.023987194523215294,
17,1706,0.018814656883478165,
17,1707,0.03416665270924568,
17,1708,0.030433546751737595,
17,1709,0.037474218755960464,
17,1710,0.0304912980645895,
17,1711,0.03021022491157055,
17,1712,0.024315746501088142,
17,1713,0.036498818546533585,
17,1714,0.02838006056845188,
17,1715,0.0364961102604866,
17,1716,0.035914357751607895,
17,1717,0.02610238827764988,
17,1718,0.02614452689886093,
17,1719,0.026193879544734955,
17,1720,0.019230211153626442,
17,1721,0.03597673028707504,
17,1722,0.024798071011900902,
17,1723,0.0340065136551857,
17,1724,0.029721256345510483,
17,1725,0.042978495359420776,
17,1726,0.044113848358392715,
17,1727,0.015578053891658783,
17,1728,0.027079368010163307,
17,1729,0.01755717024207115,
17,1730,0.018058890476822853,
17,1731,0.022478096187114716,
17,1732,0.01575472392141819,
17,1733,0.023258419707417488,
17,1734,0.020530518144369125,
17,1735,0.019230592995882034,
17,1736,0.023217566311359406,
17,1737,0.022970052435994148,
17,1738,0.015231778845191002,
17,1739,0.016591517254710197,
17,1740,0.017959104850888252,
17,1741,0.01759335584938526,
17,1742,0.026382623240351677,
17,1743,0.017526572570204735,
17,1744,0.015992920845746994,
17,1745,0.014791102148592472,
17,1746,0.024670790880918503,
17,1747,0.021599195897579193,
17,1748,0.018683884292840958,
17,1749,0.033141128718853,
17,1750,0.015422878786921501,
17,1751,0.023390788584947586,
17,1752,0.025202544406056404,
17,1753,0.02378784865140915,
17,1754,0.01698249951004982,
17,1755,0.01731773465871811,
17,1756,0.02595878392457962,
17,1757,0.020466569811105728,
17,1758,0.021184489130973816,
17,1759,0.018603194504976273,
17,1760,0.015877624973654747,
17,1761,0.019630949944257736,
17,1762,0.01842612959444523,
17,1763,0.023174336180090904,
17,1764,0.026606056839227676,
17,1765,0.020532913506031036,
17,1766,0.015502908267080784,
17,1767,0.01907697319984436,
17,1768,0.017670974135398865,
17,1769,0.025689955800771713,
17,1770,0.016286548227071762,
17,1771,0.020231053233146667,
17,1772,0.019748354330658913,
17,1773,0.014537094160914421,
17,1774,0.018845006823539734,
17,1775,0.016315743327140808,
17,1776,0.016436612233519554,
17,1777,0.015242798253893852,
17,1778,0.018053166568279266,
17,1779,0.01883525960147381,
17,1780,0.028755322098731995,
17,1781,0.02075415849685669,
17,1781,,0.023202277719974518
18,1782,0.026854922994971275,
18,1783,0.023958638310432434,
18,1784,0.02213079296052456,
18,1785,0.020161686465144157,
18,1786,0.015320518054068089,
18,1787,0.021479597315192223,
18,1788,0.02212763950228691,
18,1789,0.018313372507691383,
18,1790,0.028529169037938118,
18,1791,0.01735445111989975,
18,1792,0.023323237895965576,
18,1793,0.02583015151321888,
18,1794,0.019154587760567665,
18,1795,0.02818172425031662,
18,1796,0.015386750921607018,
18,1797,0.02526603639125824,
18,1798,0.018578430637717247,
18,1799,0.01808939129114151,
18,1800,0.023769397288560867,
18,1801,0.01754280924797058,
18,1802,0.017984889447689056,
18,1803,0.02002204954624176,
18,1804,0.01681903377175331,
18,1805,0.01603393815457821,
18,1806,0.024211423471570015,
18,1807,0.023447854444384575,
18,1808,0.022586381062865257,
18,1809,0.01703355275094509,
18,1810,0.01944243721663952,
18,1811,0.018789412453770638,
18,1812,0.016422536224126816,
18,1813,0.03322431445121765,
18,1814,0.019364014267921448,
18,1815,0.02268637716770172,
18,1816,0.022317735478281975,
18,1817,0.017330273985862732,
18,1818,0.020514462143182755,
18,1819,0.01834951713681221,
18,1820,0.01392880454659462,
18,1821,0.021666057407855988,
18,1822,0.029445016756653786,
18,1823,0.019529903307557106,
18,1824,0.03134036809206009,
18,1825,0.015757113695144653,
18,1826,0.0322331003844738,
18,1827,0.016404369845986366,
18,1828,0.03790034353733063,
18,1829,0.030159788206219673,
18,1830,0.0317441001534462,
18,1831,0.02661147154867649,
18,1832,0.034708455204963684,
18,1833,0.022063402459025383,
18,1834,0.04344283416867256,
18,1835,0.03438713774085045,
18,1836,0.030997486785054207,
18,1837,0.029677247628569603,
18,1838,0.03555102273821831,
18,1839,0.036430906504392624,
18,1840,0.031158847734332085,
18,1841,0.03446446731686592,
18,1842,0.022654136642813683,
18,1843,0.023902060464024544,
18,1844,0.02885426953434944,
18,1845,0.015589360147714615,
18,1846,0.03778810054063797,
18,1847,0.02311778999865055,
18,1848,0.0515841580927372,
18,1849,0.05035863071680069,
18,1850,0.024394690990447998,
18,1851,0.04462707042694092,
18,1852,0.028357502073049545,
18,1853,0.046259477734565735,
18,1854,0.04838252067565918,
18,1855,0.01647062599658966,
18,1856,0.028630204498767853,
18,1857,0.020982854068279266,
18,1858,0.019452080130577087,
18,1859,0.03618273511528969,
18,1860,0.02301715314388275,
18,1861,0.03862359747290611,
18,1862,0.03136683627963066,
18,1863,0.03611133247613907,
18,1864,0.0372500941157341,
18,1865,0.019220510497689247,
18,1866,0.032701924443244934,
18,1867,0.017799407243728638,
18,1868,0.019688235595822334,
18,1869,0.02331480011343956,
18,1870,0.0188351608812809,
18,1871,0.014605078846216202,
18,1872,0.02447933703660965,
18,1873,0.016419917345046997,
18,1874,0.019871236756443977,
18,1875,0.02147580124437809,
18,1876,0.01964896358549595,
18,1877,0.01855466142296791,
18,1878,0.036343738436698914,
18,1879,0.022145021706819534,
18,1880,0.02186048962175846,
18,1880,,0.016038507223129272
19,1881,0.015802787616848946,
19,1882,0.017509091645479202,
19,1883,0.024744752794504166,
19,1884,0.014731265604496002,
19,1885,0.034248240292072296,
19,1886,0.02253641188144684,
19,1887,0.023961341008543968,
19,1888,0.019288016483187675,
19,1889,0.02601548470556736,
19,1890,0.016949445009231567,
19,1891,0.022377124056220055,
19,1892,0.022600188851356506,
19,1893,0.025506092235445976,
19,1894,0.017468731850385666,
19,1895,0.01994151435792446,
19,1896,0.014781523495912552,
19,1897,0.021991891786456108,
19,1898,0.028148092329502106,
19,1899,0.014663457870483398,
19,1900,0.02007855661213398,
19,1901,0.025275513529777527,
19,1902,0.016455616801977158,
19,1903,0.021164434030652046,
19,1904,0.014555424451828003,
19,1905,0.014550799503922462,
19,1906,0.018090635538101196,
19,1907,0.01848159171640873,
19,1908,0.01853790506720543,
19,1909,0.018907489255070686,
19,1910,0.02231575734913349,
19,1911,0.020084599032998085,
19,1912,0.021344048902392387,
19,1913,0.021701503545045853,
19,1914,0.01501526776701212,
19,1915,0.03294495865702629,
19,1916,0.01702156849205494,
19,1917,0.018278418108820915,
19,1918,0.02534867264330387,
19,1919,0.01808069832623005,
19,1920,0.018733639270067215,
19,1921,0.016286594793200493,
19,1922,0.021851172670722008,
19,1923,0.026795385405421257,
19,1924,0.017670754343271255,
19,1925,0.016504386439919472,
19,1926,0.01886909268796444,
19,1927,0.02059370093047619,
19,1928,0.02120332419872284,
19,1929,0.02085931785404682,
19,1930,0.028634270653128624,
19,1931,0.015612605027854443,
19,1932,0.02561929076910019,
19,1933,0.021273277699947357,
19,1934,0.02558789774775505,
19,1935,0.020546136423945427,
19,1936,0.01659548468887806,
19,1937,0.018982943147420883,
19,1938,0.022675074636936188,
19,1939,0.017086012288928032,
19,1940,0.018615199252963066,
19,1941,0.01748221553862095,
19,1942,0.023282406851649284,
19,1943,0.016275769099593163,
19,1944,0.02154349908232689,
19,1945,0.02126121148467064,
19,1946,0.014362914487719536,
19,1947,0.015891240909695625,
19,1948,0.019714608788490295,
19,1949,0.023848170414566994,
19,1950,0.016843147575855255,
19,1951,0.037297572940588,
19,1952,0.018710291013121605,
19,1953,0.03806908428668976,
19,1954,0.028184935450553894,
19,1955,0.04118997976183891,
19,1956,0.034058284014463425,
19,1957,0.031905073672533035,
19,1958,0.030881522223353386,
19,1959,0.029638484120368958,
19,1960,0.02469007857143879,
19,1961,0.04757971689105034,
19,1962,0.04036013036966324,
19,1963,0.023783691227436066,
19,1964,0.02861000970005989,
19,1965,0.025240730494260788,
19,1966,0.02214604988694191,
19,1967,0.03687909618020058,
19,1968,0.028423327952623367,
19,1969,0.031677111983299255,
19,1970,0.02875443920493126,
19,1971,0.0344652496278286,
19,1972,0.03125094622373581,
19,1973,0.027880990877747536,
19,1974,0.02826039306819439,
19,1975,0.029946688562631607,
19,1976,0.024628067389130592,
19,1977,0.02947891689836979,
19,1978,0.030507976189255714,
19,1979,0.029001349583268166,
19,1979,,0.022235918790102005
20,1980,0.021082939580082893,
20,1981,0.03549787774682045,
20,1982,0.024560045450925827,
20,1983,0.03549938648939133,
20,1984,0.031154751777648926,
20,1985,0.028611628338694572,
20,1986,0.028859062120318413,
20,1987,0.03555312752723694,
20,1988,0.034914229065179825,
20,1989,0.02341688796877861,
20,1990,0.02591637708246708,
20,1991,0.02116917073726654,
20,1992,0.018203184008598328,
20,1993,0.033178552985191345,
20,1994,0.023589443415403366,
20,1995,0.03306005895137787,
20,1996,0.039125554263591766,
20,1997,0.021147526800632477,
20,1998,0.01877896673977375,
20,1999,0.025258446112275124,
20,2000,0.020904207602143288,
20,2001,0.024022294208407402,
20,2002,0.02152571827173233,
20,2003,0.021157942712306976,
20,2004,0.017719922587275505,
20,2005,0.016153540462255478,
20,2006,0.027478661388158798,
20,2007,0.028619814664125443,
20,2008,0.022085025906562805,
20,2009,0.017562363296747208,
20,2010,0.017501572147011757,
20,2011,0.02232201024889946,
20,2012,0.015575475990772247,
20,2013,0.02048438787460327,
20,2014,0.02333107776939869,
20,2015,0.017013756558299065,
20,2016,0.019990762695670128,
20,2017,0.021073080599308014,
20,2018,0.018188079819083214,
20,2019,0.02336728572845459,
20,2020,0.01621684990823269,
20,2021,0.024957988411188126,
20,2022,0.020511751994490623,
20,2023,0.0238625667989254,
20,2024,0.018627654761075974,
20,2025,0.014903039671480656,
20,2026,0.021044624969363213,
20,2027,0.019955703988671303,
20,2028,0.013776373118162155,
20,2029,0.01919965073466301,
20,2030,0.02184976264834404,
20,2031,0.020397886633872986,
20,2032,0.02495962381362915,
20,2033,0.017623096704483032,
20,2034,0.021027499809861183,
20,2035,0.01715853624045849,
20,2036,0.013591962866485119,
20,2037,0.02617322839796543,
20,2038,0.020791277289390564,
20,2039,0.02585223875939846,
20,2040,0.02350715361535549,
20,2041,0.017780756577849388,
20,2042,0.022754434496164322,
20,2043,0.029209217056632042,
20,2044,0.017807094380259514,
20,2045,0.015121552161872387,
20,2046,0.016149166971445084,
20,2047,0.01662764884531498,
20,2048,0.021926671266555786,
20,2049,0.03292018920183182,
20,2050,0.020277075469493866,
20,2051,0.022699853405356407,
20,2052,0.022108599543571472,
20,2053,0.014115306548774242,
20,2054,0.01791461370885372,
20,2055,0.02172216959297657,
20,2056,0.018907887861132622,
20,2057,0.01807709038257599,
20,2058,0.016129380092024803,
20,2059,0.028714308515191078,
20,2060,0.019014965742826462,
20,2061,0.01965203508734703,
20,2062,0.01711447164416313,
20,2063,0.019803430885076523,
20,2064,0.026340488344430923,
20,2065,0.01547866128385067,
20,2066,0.022391797974705696,
20,2067,0.02113703265786171,
20,2068,0.018434997648000717,
20,2069,0.021366721019148827,
20,2070,0.024322833865880966,
20,2071,0.0187153872102499,
20,2072,0.024300917983055115,
20,2073,0.02189314365386963,
20,2074,0.018451044335961342,
20,2075,0.02386244758963585,
20,2076,0.019650273025035858,
20,2077,0.02483120933175087,
20,2078,0.02124941721558571,
20,2078,,0.01636461727321148
21,2079,0.017283214256167412,
21,2080,0.02199546806514263,
21,2081,0.018666615709662437,
21,2082,0.01735977828502655,
21,2083,0.022714925929903984,
21,2084,0.02130752243101597,
21,2085,0.023118706420063972,
21,2086,0.02519088052213192,
21,2087,0.02672601491212845,
21,2088,0.029946530237793922,
21,2089,0.01840049959719181,
21,2090,0.02150592766702175,
21,2091,0.016365990042686462,
21,2092,0.018959658220410347,
21,2093,0.019684676080942154,
21,2094,0.014299215748906136,
21,2095,0.019772514700889587,
21,2096,0.019027724862098694,
21,2097,0.021901356056332588,
21,2098,0.023690788075327873,
21,2099,0.01933239959180355,
21,2100,0.020252835005521774,
21,2101,0.020132968202233315,
21,2102,0.01894294284284115,
21,2103,0.02952137216925621,
21,2104,0.030582580715417862,
21,2105,0.0211923997849226,
21,2106,0.017314517870545387,
21,2107,0.019703298807144165,
21,2108,0.024772677570581436,
21,2109,0.020684735849499702,
21,2110,0.02125302515923977,
21,2111,0.0251289252191782,
21,2112,0.021600963547825813,
21,2113,0.023053912445902824,
21,2114,0.02058326080441475,
21,2115,0.01682560332119465,
21,2116,0.023220524191856384,
21,2117,0.019727755337953568,
21,2118,0.023561708629131317,
21,2119,0.019186872988939285,
21,2120,0.025725122541189194,
21,2121,0.020568620413541794,
21,2122,0.023188503459095955,
21,2123,0.019587848335504532,
21,2124,0.019682899117469788,
21,2125,0.019992798566818237,
21,2126,0.020124977454543114,
21,2127,0.017328226938843727,
21,2128,0.021239804103970528,
21,2129,0.020278161391615868,
21,2130,0.01779949478805065,
21,2131,0.013659576885402203,
21,2132,0.01902618259191513,
21,2133,0.014938999898731709,
21,2134,0.019170163199305534,
21,2135,0.021944694221019745,
21,2136,0.01573225110769272,
21,2137,0.020292961969971657,
21,2138,0.019271796569228172,
21,2139,0.027141191065311432,
21,2140,0.02196241356432438,
21,2141,0.017771173268556595,
21,2142,0.02076990343630314,
21,2143,0.016049472615122795,
21,2144,0.02075844258069992,
21,2145,0.01596267893910408,
21,2146,0.021308748051524162,
21,2147,0.019313383847475052,
21,2148,0.014420864172279835,
21,2149,0.016396118327975273,
21,2150,0.02185066230595112,
21,2151,0.01590617001056671,
21,2152,0.0163823701441288,
21,2153,0.021475275978446007,
21,2154,0.029059691354632378,
21,2155,0.01691623404622078,
21,2156,0.021725356578826904,
21,2157,0.01772938296198845,
21,2158,0.021232997998595238,
21,2159,0.017974378541111946,
21,2160,0.01738152652978897,
21,2161,0.017471857368946075,
21,2162,0.017948230728507042,
21,2163,0.015090067870914936,
21,2164,0.014890293590724468,
21,2165,0.015961622819304466,
21,2166,0.03067580983042717,
21,2167,0.014304555021226406,
21,2168,0.027098925784230232,
21,2169,0.022356709465384483,
21,2170,0.023983890190720558,
21,2171,0.021567441523075104,
21,2172,0.022124920040369034,
21,2173,0.018561391159892082,
21,2174,0.01471524778753519,
21,2175,0.023347437381744385,
21,2176,0.01570657268166542,
21,2177,0.01927828975021839,
21,2177,,0.019582442939281464
22,2178,0.02688998356461525,
22,2179,0.014398557133972645,
22,2180,0.021013174206018448,
22,2181,0.023724514991044998,
22,2182,0.015899594873189926,
22,2183,0.01876259781420231,
22,2184,0.030964000150561333,
22,2185,0.016836684197187424,
22,2186,0.015602842904627323,
22,2187,0.02105036936700344,
22,2188,0.024278748780488968,
22,2189,0.018486080691218376,
22,2190,0.01973906345665455,
22,2191,0.017882833257317543,
22,2192,0.019514502957463264,
22,2193,0.023708641529083252,
22,2194,0.01944936066865921,
22,2195,0.025055084377527237,
22,2196,0.024686487391591072,
22,2197,0.015950212255120277,
22,2198,0.025525910779833794,
22,2199,0.01519195456057787,
22,2200,0.019979847595095634,
22,2201,0.016557803377509117,
22,2202,0.02029191330075264,
22,2203,0.022464392706751823,
22,2204,0.02075866609811783,
22,2205,0.01899733580648899,
22,2206,0.018391815945506096,
22,2207,0.022172795608639717,
22,2208,0.01695016771554947,
22,2209,0.016190193593502045,
22,2210,0.021222228184342384,
22,2211,0.016706643626093864,
22,2212,0.028521889820694923,
22,2213,0.01735863834619522,
22,2214,0.02261623740196228,
22,2215,0.01652367226779461,
22,2216,0.02327343076467514,
22,2217,0.019901728257536888,
22,2218,0.02183198370039463,
22,2219,0.02019849605858326,
22,2220,0.02983510121703148,
22,2221,0.016767757013440132,
22,2222,0.036396417766809464,
22,2223,0.014671907760202885,
22,2224,0.02169693447649479,
22,2225,0.023265814408659935,
22,2226,0.028712434694170952,
22,2227,0.02091399021446705,
22,2228,0.028456132858991623,
22,2229,0.023241762071847916,
22,2230,0.02514580450952053,
22,2231,0.0236511193215847,
22,2232,0.017435450106859207,
22,2233,0.032762181013822556,
22,2234,0.020630454644560814,
22,2235,0.028302405029535294,
22,2236,0.0200028233230114,
22,2237,0.019359612837433815,
22,2238,0.026692375540733337,
22,2239,0.022070199251174927,
22,2240,0.0236209686845541,
22,2241,0.025215590372681618,
22,2242,0.01909339614212513,
22,2243,0.027434904128313065,
22,2244,0.017373930662870407,
22,2245,0.01995696872472763,
22,2246,0.02110062912106514,
22,2247,0.019458267837762833,
22,2248,0.021440288051962852,
22,2249,0.014494217000901699,
22,2250,0.025080768391489983,
22,2251,0.015535025857388973,
22,2252,0.017604824155569077,
22,2253,0.02481563203036785,
22,2254,0.017223631963133812,
22,2255,0.02410052716732025,
22,2256,0.019958307966589928,
22,2257,0.01560962200164795,
22,2258,0.022724922746419907,
22,2259,0.021613338962197304,
22,2260,0.016750942915678024,
22,2261,0.02543117105960846,
22,2262,0.01774115115404129,
22,2263,0.02285810559988022,
22,2264,0.022529976442456245,
22,2265,0.028286263346672058,
22,2266,0.017079615965485573,
22,2267,0.017522236332297325,
22,2268,0.021466175094246864,
22,2269,0.01720832660794258,
22,2270,0.01848609931766987,
22,2271,0.017945192754268646,
22,2272,0.0333443321287632,
22,2273,0.023377761244773865,
22,2274,0.0351223461329937,
22,2275,0.014895429834723473,
22,2276,0.027939531952142715,
22,2276,,0.017733246088027954
23,2277,0.017740312963724136,
23,2278,0.015607714653015137,
23,2279,0.030443333089351654,
23,2280,0.017471812665462494,
23,2281,0.030572112649679184,
23,2282,0.016712527722120285,
23,2283,0.01742113009095192,
23,2284,0.023741403594613075,
23,2285,0.02383311837911606,
23,2286,0.019950581714510918,
23,2287,0.027249539270997047,
23,2288,0.014090089127421379,
23,2289,0.029602093622088432,
23,2290,0.014836657792329788,
23,2291,0.015452255494892597,
23,2292,0.02540792152285576,
23,2293,0.026401959359645844,
23,2294,0.030780639499425888,
23,2295,0.021513577550649643,
23,2296,0.019303224980831146,
23,2297,0.01899057626724243,
23,2298,0.020807690918445587,
23,2299,0.01917462795972824,
23,2300,0.01801714487373829,
23,2301,0.022588275372982025,
23,2302,0.027011586353182793,
23,2303,0.021468615159392357,
23,2304,0.03004968911409378,
23,2305,0.0216533113270998,
23,2306,0.03425060212612152,
23,2307,0.02347462996840477,
23,2308,0.03083578124642372,
23,2309,0.020639272406697273,
23,2310,0.034279268234968185,
23,2311,0.016075758263468742,
23,2312,0.04697039723396301,
23,2313,0.03523172810673714,
23,2314,0.0427999272942543,
23,2315,0.04524524137377739,
23,2316,0.027468807995319366,
23,2317,0.04222744330763817,
23,2318,0.030781544744968414,
23,2319,0.043887604027986526,
23,2320,0.03350801020860672,
23,2321,0.03894975036382675,
23,2322,0.04292427375912666,
23,2323,0.02003009431064129,
23,2324,0.026763951405882835,
23,2325,0.025281401351094246,
23,2326,0.022779349237680435,
23,2327,0.02587868459522724,
23,2328,0.016654202714562416,
23,2329,0.027505232021212578,
23,2330,0.019041981548070908,
23,2331,0.017612352967262268,
23,2332,0.024540293961763382,
23,2333,0.016842737793922424,
23,2334,0.0228881798684597,
23,2335,0.020586056634783745,
23,2336,0.01997915469110012,
23,2337,0.024652283638715744,
23,2338,0.01515783742070198,
23,2339,0.016624735668301582,
23,2340,0.01725410483777523,
23,2341,0.017732439562678337,
23,2342,0.01530376635491848,
23,2343,0.027235671877861023,
23,2344,0.020366108044981956,
23,2345,0.020192082971334457,
23,2346,0.020436059683561325,
23,2347,0.01645372435450554,
23,2348,0.019695019349455833,
23,2349,0.01724311150610447,
23,2350,0.020134015008807182,
23,2351,0.015564315021038055,
23,2352,0.020809177309274673,
23,2353,0.020157968625426292,
23,2354,0.025753555819392204,
23,2355,0.02331743761897087,
23,2356,0.014132363721728325,
23,2357,0.02264665998518467,
23,2358,0.015783842653036118,
23,2359,0.01767917536199093,
23,2360,0.016332857310771942,
23,2361,0.024254154413938522,
23,2362,0.016535567119717598,
23,2363,0.019837915897369385,
23,2364,0.02073618955910206,
23,2365,0.031592387706041336,
23,2366,0.018842624500393867,
23,2367,0.017410758882761,
23,2368,0.015792151913046837,
23,2369,0.017386948689818382,
23,2370,0.024154307320713997,
23,2371,0.024601925164461136,
23,2372,0.018794842064380646,
23,2373,0.014531038701534271,
23,2374,0.015852894634008408,
23,2375,0.020748311653733253,
23,2375,,0.015939686447381973
24,2376,0.017650865018367767,
24,2377,0.02708926796913147,
24,2378,0.01661904715001583,
24,2379,0.017066704109311104,
24,2380,0.016261419281363487,
24,2381,0.02166116237640381,
24,2382,0.02654087357223034,
24,2383,0.014696747995913029,
24,2384,0.01863149367272854,
24,2385,0.018799258396029472,
24,2386,0.02244460955262184,
24,2387,0.021460676565766335,
24,2388,0.019245272502303123,
24,2389,0.02268163114786148,
24,2390,0.01678789034485817,
24,2391,0.018617814406752586,
24,2392,0.018933264538645744,
24,2393,0.01831938698887825,
24,2394,0.017562592402100563,
24,2395,0.015972137451171875,
24,2396,0.01449709665030241,
24,2397,0.020796488970518112,
24,2398,0.018468808382749557,
24,2399,0.025998268276453018,
24,2400,0.02557252161204815,
24,2401,0.02259528636932373,
24,2402,0.024982957169413567,
24,2403,0.015358895994722843,
24,2404,0.019498052075505257,
24,2405,0.018840227276086807,
24,2406,0.014702850952744484,
24,2407,0.02783115953207016,
24,2408,0.021723192185163498,
24,2409,0.01673724688589573,
24,2410,0.020274220034480095,
24,2411,0.019956672564148903,
24,2412,0.01931367814540863,
24,2413,0.027672726660966873,
24,2414,0.023298248648643494,
24,2415,0.016311751678586006,
24,2416,0.01667521335184574,
24,2417,0.018619049340486526,
24,2418,0.017382318153977394,
24,2419,0.01975022815167904,
24,2420,0.018285585567355156,
24,2421,0.02693827636539936,
24,2422,0.016686715185642242,
24,2423,0.016946682706475258,
24,2424,0.01906134933233261,
24,2425,0.023430926725268364,
24,2426,0.014938113279640675,
24,2427,0.01772618480026722,
24,2428,0.024334004148840904,
24,2429,0.017001990228891373,
24,2430,0.017633982002735138,
24,2431,0.023875826969742775,
24,2432,0.016443708911538124,
24,2433,0.021202707663178444,
24,2434,0.018444925546646118,
24,2435,0.025756023824214935,
24,2436,0.020292116329073906,
24,2437,0.025725340470671654,
24,2438,0.031188052147626877,
24,2439,0.024710100144147873,
24,2440,0.02381052076816559,
24,2441,0.017374670132994652,
24,2442,0.015696456655859947,
24,2443,0.03185445815324783,
24,2444,0.01988684944808483,
24,2445,0.032619938254356384,
24,2446,0.017406238242983818,
24,2447,0.033523932099342346,
24,2448,0.01548958569765091,
24,2449,0.03086051717400551,
24,2450,0.023671817034482956,
24,2451,0.023254049941897392,
24,2452,0.02631933055818081,
24,2453,0.016849683597683907,
24,2454,0.033862415701150894,
24,2455,0.027096619829535484,
24,2456,0.03282678872346878,
24,2457,0.02113819494843483,
24,2458,0.04136895760893822,
24,2459,0.02417990006506443,
24,2460,0.0434676930308342,
24,2461,0.043669309467077255,
24,2462,0.031245168298482895,
24,2463,0.0353778712451458,
24,2464,0.018743902444839478,
24,2465,0.02134052850306034,
24,2466,0.029452044516801834,
24,2467,0.015438109636306763,
24,2468,0.040691595524549484,
24,2469,0.03014012612402439,
24,2470,0.036184147000312805,
24,2471,0.03454122692346573,
24,2472,0.033496007323265076,
24,2473,0.029825257137417793,
24,2474,0.032462552189826965,
24,2474,,0.02941524051129818
25,2475,0.0321442149579525,
25,2476,0.025378737598657608,
25,2477,0.02481679804623127,
25,2478,0.029449360445141792,
25,2479,0.0234824251383543,
25,2480,0.04351360350847244,
25,2481,0.03613562881946564,
25,2482,0.028347713872790337,
25,2483,0.02190113067626953,
25,2484,0.04407708719372749,
25,2485,0.027209283784031868,
25,2486,0.04366517812013626,
25,2487,0.03187872841954231,
25,2488,0.06196923181414604,
25,2489,0.03019081987440586,
25,2490,0.06340808421373367,
25,2491,0.034677404910326004,
25,2492,0.049171727150678635,
25,2493,0.042832016944885254,
25,2494,0.028497688472270966,
25,2495,0.03540623560547829,
25,2496,0.026366427540779114,
25,2497,0.02670900523662567,
25,2498,0.019870731979608536,
25,2499,0.02176349237561226,
25,2500,0.023656737059354782,
25,2501,0.02376977540552616,
25,2502,0.024057509377598763,
25,2503,0.026408709585666656,
25,2504,0.02323586493730545,
25,2505,0.022294726222753525,
25,2506,0.027401141822338104,
25,2507,0.023961186408996582,
25,2508,0.032935939729213715,
25,2509,0.024671943858265877,
25,2510,0.017531564459204674,
25,2511,0.020770885050296783,
25,2512,0.022452035918831825,
25,2513,0.015305489301681519,
25,2514,0.02048010565340519,
25,2515,0.021825239062309265,
25,2516,0.016374440863728523,
25,2517,0.021691231057047844,
25,2518,0.023917177692055702,
25,2519,0.015080319717526436,
25,2520,0.028382526710629463,
25,2521,0.015355277806520462,
25,2522,0.03000003844499588,
25,2523,0.01782924309372902,
25,2524,0.027312904596328735,
25,2525,0.016182638704776764,
25,2526,0.029444077983498573,
25,2527,0.023710118606686592,
25,2528,0.023662131279706955,
25,2529,0.01773546077311039,
25,2530,0.01735982671380043,
25,2531,0.018852995708584785,
25,2532,0.019623886793851852,
25,2533,0.01698414236307144,
25,2534,0.024762753397226334,
25,2535,0.01621921919286251,
25,2536,0.023443439975380898,
25,2537,0.01692807301878929,
25,2538,0.01816512830555439,
25,2539,0.017718348652124405,
25,2540,0.02108810842037201,
25,2541,0.024856170639395714,
25,2542,0.017994623631238937,
25,2543,0.020243238657712936,
25,2544,0.020935069769620895,
25,2545,0.014736410230398178,
25,2546,0.019965726882219315,
25,2547,0.030392391607165337,
25,2548,0.015464166179299355,
25,2549,0.029125947505235672,
25,2550,0.013899818062782288,
25,2551,0.019373783841729164,
25,2552,0.0198503565043211,
25,2553,0.013687036000192165,
25,2554,0.019764767959713936,
25,2555,0.02201983518898487,
25,2556,0.019943980500102043,
25,2557,0.016814161092042923,
25,2558,0.027106156572699547,
25,2559,0.021473519504070282,
25,2560,0.0180599857121706,
25,2561,0.023422369733452797,
25,2562,0.021428056061267853,
25,2563,0.01517926063388586,
25,2564,0.016667215153574944,
25,2565,0.01635124348104,
25,2566,0.016792314127087593,
25,2567,0.020745940506458282,
25,2568,0.020764483138918877,
25,2569,0.022620778530836105,
25,2570,0.023269925266504288,
25,2571,0.024578744545578957,
25,2572,0.02168862707912922,
25,2573,0.019363243132829666,
25,2573,,0.015912005677819252
26,2574,0.01992928795516491,
26,2575,0.02034325711429119,
26,2576,0.017647303640842438,
26,2577,0.022118354216217995,
26,2578,0.01693432778120041,
26,2579,0.02026897668838501,
26,2580,0.02455160953104496,
26,2581,0.030217166990041733,
26,2582,0.020283106714487076,
26,2583,0.022962922230362892,
26,2584,0.0171260554343462,
26,2585,0.024515759199857712,
26,2586,0.02692262828350067,
26,2587,0.020773690193891525,
26,2588,0.02275528386235237,
26,2589,0.019245920702815056,
26,2590,0.02446783147752285,
26,2591,0.019494449719786644,
26,2592,0.023185119032859802,
26,2593,0.019712811335921288,
26,2594,0.02375309355556965,
26,2595,0.02136584185063839,
26,2596,0.018815267831087112,
26,2597,0.019991915673017502,
26,2598,0.014922420494258404,
26,2599,0.013651961460709572,
26,2600,0.01774180494248867,
26,2601,0.021228665485978127,
26,2602,0.019447067752480507,
26,2603,0.016904283314943314,
26,2604,0.01962769590318203,
26,2605,0.022546470165252686,
26,2606,0.021888367831707,
26,2607,0.01916298270225525,
26,2608,0.016558989882469177,
26,2609,0.019246922805905342,
26,2610,0.022413868457078934,
26,2611,0.017510762438178062,
26,2612,0.018055571243166924,
26,2613,0.03625372052192688,
26,2614,0.020626572892069817,
26,2615,0.029329605400562286,
26,2616,0.02449427917599678,
26,2617,0.02637629769742489,
26,2618,0.02303861454129219,
26,2619,0.029149191454052925,
26,2620,0.01649431884288788,
26,2621,0.03127557411789894,
26,2622,0.015856333076953888,
26,2623,0.018439078703522682,
26,2624,0.015990328043699265,
26,2625,0.023706264793872833,
26,2626,0.017894208431243896,
26,2627,0.016788829118013382,
26,2628,0.022223763167858124,
26,2629,0.016694732010364532,
26,2630,0.018513986840844154,
26,2631,0.017075682058930397,
26,2632,0.019316526129841805,
26,2633,0.016458164900541306,
26,2634,0.022488204762339592,
26,2635,0.018124928697943687,
26,2636,0.01914968527853489,
26,2637,0.020668670535087585,
26,2638,0.01568162627518177,
26,2639,0.018567999824881554,
26,2640,0.016338765621185303,
26,2641,0.015486455522477627,
26,2642,0.022174742072820663,
26,2643,0.018246382474899292,
26,2644,0.016751648858189583,
26,2645,0.016417110338807106,
26,2646,0.015815144404768944,
26,2647,0.02753389999270439,
26,2648,0.014689926989376545,
26,2649,0.02057022787630558,
26,2650,0.024969080463051796,
26,2651,0.022919030860066414,
26,2652,0.028055988252162933,
26,2653,0.02386244386434555,
26,2654,0.025894390419125557,
26,2655,0.021511683240532875,
26,2656,0.018300002440810204,
26,2657,0.021217070519924164,
26,2658,0.015813268721103668,
26,2659,0.018822725862264633,
26,2660,0.017699547111988068,
26,2661,0.020215632393956184,
26,2662,0.020774422213435173,
26,2663,0.01446552760899067,
26,2664,0.02415722981095314,
26,2665,0.01788521744310856,
26,2666,0.023455174639821053,
26,2667,0.0190578680485487,
26,2668,0.02545601688325405,
26,2669,0.01966111920773983,
26,2670,0.017770664766430855,
26,2671,0.023930618539452553,
26,2672,0.017641235142946243,
26,2672,,0.015230261720716953
27,2673,0.017057841643691063,
27,2674,0.015059477649629116,
27,2675,0.015523034147918224,
27,2676,0.027170492336153984,
27,2677,0.017469409853219986,
27,2678,0.014648380689322948,
27,2679,0.021861733868718147,
27,2680,0.014949973672628403,
27,2681,0.017750758677721024,
27,2682,0.025386817753314972,
27,2683,0.020844057202339172,
27,2684,0.025341195985674858,
27,2685,0.020488224923610687,
27,2686,0.021296940743923187,
27,2687,0.027218662202358246,
27,2688,0.018877407535910606,
27,2689,0.019988341256976128,
27,2690,0.016001660376787186,
27,2691,0.020187335088849068,
27,2692,0.01930597797036171,
27,2693,0.01692226156592369,
27,2694,0.017456907778978348,
27,2695,0.025192685425281525,
27,2696,0.016858424991369247,
27,2697,0.020039400085806847,
27,2698,0.020224185660481453,
27,2699,0.015883611515164375,
27,2700,0.0176951065659523,
27,2701,0.021802349016070366,
27,2702,0.023195408284664154,
27,2703,0.018137559294700623,
27,2704,0.015763236209750175,
27,2705,0.02016618847846985,
27,2706,0.025162387639284134,
27,2707,0.01416871603578329,
27,2708,0.024784596636891365,
27,2709,0.019686991348862648,
27,2710,0.01606864295899868,
27,2711,0.025462016463279724,
27,2712,0.020074622705578804,
27,2713,0.016690528020262718,
27,2714,0.022415366023778915,
27,2715,0.023517411202192307,
27,2716,0.02134392037987709,
27,2717,0.02404618076980114,
27,2718,0.019113866612315178,
27,2719,0.01821257919073105,
27,2720,0.018514184281229973,
27,2721,0.026802830398082733,
27,2722,0.02266324684023857,
27,2723,0.014468456618487835,
27,2724,0.020408542826771736,
27,2725,0.031809478998184204,
27,2726,0.019448749721050262,
27,2727,0.01696084253489971,
27,2728,0.026243356987833977,
27,2729,0.016576681286096573,
27,2730,0.01960386522114277,
27,2731,0.01955501362681389,
27,2732,0.02106895111501217,
27,2733,0.015642238780856133,
27,2734,0.017362011596560478,
27,2735,0.020210692659020424,
27,2736,0.017869599163532257,
27,2737,0.024679729714989662,
27,2738,0.01806848682463169,
27,2739,0.02755318023264408,
27,2740,0.017065539956092834,
27,2741,0.020681006833910942,
27,2742,0.021030420437455177,
27,2743,0.01968967728316784,
27,2744,0.017100967466831207,
27,2745,0.024421831592917442,
27,2746,0.01682198978960514,
27,2747,0.021724320948123932,
27,2748,0.01874879188835621,
27,2749,0.023089833557605743,
27,2750,0.02254195138812065,
27,2751,0.016594279557466507,
27,2752,0.021064218133687973,
27,2753,0.02039615996181965,
27,2754,0.026460226625204086,
27,2755,0.019705427810549736,
27,2756,0.019623611122369766,
27,2757,0.016329515725374222,
27,2758,0.024566229432821274,
27,2759,0.016622161492705345,
27,2760,0.018359240144491196,
27,2761,0.017200760543346405,
27,2762,0.01930118352174759,
27,2763,0.027115395292639732,
27,2764,0.016471531242132187,
27,2765,0.025643210858106613,
27,2766,0.02894485369324684,
27,2767,0.024285880848765373,
27,2768,0.028086837381124496,
27,2769,0.021032044664025307,
27,2770,0.015950532630085945,
27,2771,0.017449799925088882,
27,2771,,0.022554103285074234
28,2772,0.024464169517159462,
28,2773,0.020679671317338943,
28,2774,0.017975976690649986,
28,2775,0.018187137320637703,
28,2776,0.019151320680975914,
28,2777,0.020488372072577477,
28,2778,0.017499398440122604,
28,2779,0.023290619254112244,
28,2780,0.028107203543186188,
28,2781,0.022776823490858078,
28,2782,0.023602258414030075,
28,2783,0.020210284739732742,
28,2784,0.024822143837809563,
28,2785,0.01454729400575161,
28,2786,0.023902758955955505,
28,2787,0.017547637224197388,
28,2788,0.013815403915941715,
28,2789,0.030642138794064522,
28,2790,0.018497949466109276,
28,2791,0.022560948505997658,
28,2792,0.020986191928386688,
28,2793,0.019607726484537125,
28,2794,0.019620539620518684,
28,2795,0.019974475726485252,
28,2796,0.027359919622540474,
28,2797,0.01564818061888218,
28,2798,0.029111657291650772,
28,2799,0.023004479706287384,
28,2800,0.020242268219590187,
28,2801,0.0341070294380188,
28,2802,0.020482130348682404,
28,2803,0.04561721161007881,
28,2804,0.03175775334239006,
28,2805,0.04341219365596771,
28,2806,0.0491960309445858,
28,2807,0.021073296666145325,
28,2808,0.03806640952825546,
28,2809,0.01580127328634262,
28,2810,0.028109757229685783,
28,2811,0.01779557205736637,
28,2812,0.016943734139204025,
28,2813,0.02139245718717575,
28,2814,0.02014932408928871,
28,2815,0.017223354429006577,
28,2816,0.022997284308075905,
28,2817,0.01741822622716427,
28,2818,0.02725887857377529,
28,2819,0.015475890599191189,
28,2820,0.0168464258313179,
28,2821,0.024366360157728195,
28,2822,0.020808733999729156,
28,2823,0.019367409870028496,
28,2824,0.019633997231721878,
28,2825,0.01663886196911335,
28,2826,0.021941618993878365,
28,2827,0.020756835117936134,
28,2828,0.01649019494652748,
28,2829,0.01979818567633629,
28,2830,0.01965513452887535,
28,2831,0.031641967594623566,
28,2832,0.01721673272550106,
28,2833,0.02669830434024334,
28,2834,0.019745444878935814,
28,2835,0.026118295267224312,
28,2836,0.01626022532582283,
28,2837,0.02118181250989437,
28,2838,0.0219322070479393,
28,2839,0.014430682174861431,
28,2840,0.01632523536682129,
28,2841,0.02441166527569294,
28,2842,0.022870417684316635,
28,2843,0.021716631948947906,
28,2844,0.02133316360414028,
28,2845,0.017295001074671745,
28,2846,0.01984037272632122,
28,2847,0.026201076805591583,
28,2848,0.014284856617450714,
28,2849,0.03716662526130676,
28,2850,0.017578125,
28,2851,0.03801171854138374,
28,2852,0.02262154407799244,
28,2853,0.04392663389444351,
28,2854,0.036967307329177856,
28,2855,0.030063970014452934,
28,2856,0.03381526097655296,
28,2857,0.0266342144459486,
28,2858,0.02232147753238678,
28,2859,0.03783602640032768,
28,2860,0.029685815796256065,
28,2861,0.035989150404930115,
28,2862,0.038694143295288086,
28,2863,0.023661818355321884,
28,2864,0.025745349004864693,
28,2865,0.028172872960567474,
28,2866,0.018913544714450836,
28,2867,0.026035405695438385,
28,2868,0.01712775230407715,
28,2869,0.022653119638562202,
28,2870,0.028099896386265755,
28,2870,,0.021416496485471725
29,2871,0.02164207212626934,
29,2872,0.03385584428906441,
29,2873,0.026510179042816162,
29,2874,0.02581697888672352,
29,2875,0.024605561047792435,
29,2876,0.03158606216311455,
29,2877,0.019474100321531296,
29,2878,0.041441723704338074,
29,2879,0.03827134147286415,
29,2880,0.028258884325623512,
29,2881,0.03875109925866127,
29,2882,0.017471618950366974,
29,2883,0.035869281738996506,
29,2884,0.01585637591779232,
29,2885,0.03239777311682701,
29,2886,0.02064676396548748,
29,2887,0.0352739542722702,
29,2888,0.026160310953855515,
29,2889,0.03821919485926628,
29,2890,0.03489632159471512,
29,2891,0.02716667391359806,
29,2892,0.03500256687402725,
29,2893,0.020248791202902794,
29,2894,0.023293834179639816,
29,2895,0.027454903349280357,
29,2896,0.02400796301662922,
29,2897,0.02604980580508709,
29,2898,0.01763635128736496,
29,2899,0.03202078491449356,
29,2900,0.02133588306605816,
29,2901,0.03518512472510338,
29,2902,0.02785889431834221,
29,2903,0.03325982391834259,
29,2904,0.032452888786792755,
29,2905,0.02456095442175865,
29,2906,0.029960760846734047,
29,2907,0.02583453059196472,
29,2908,0.02901935577392578,
29,2909,0.025467917323112488,
29,2910,0.02470027655363083,
29,2911,0.02395218051970005,
29,2912,0.02599659375846386,
29,2913,0.019447680562734604,
29,2914,0.01838284730911255,
29,2915,0.022762339562177658,
29,2916,0.025769971311092377,
29,2917,0.024989288300275803,
29,2918,0.014660781249403954,
29,2919,0.02127564698457718,
29,2920,0.019486187025904655,
29,2921,0.0311739481985569,
29,2922,0.02596895582973957,
29,2923,0.019328221678733826,
29,2924,0.020227402448654175,
29,2925,0.01749439537525177,
29,2926,0.015199420042335987,
29,2927,0.016709184274077415,
29,2928,0.02654411457479,
29,2929,0.021750831976532936,
29,2930,0.02049853466451168,
29,2931,0.019051315262913704,
29,2932,0.022667814046144485,
29,2933,0.015247522853314877,
29,2934,0.020128518342971802,
29,2935,0.01906755566596985,
29,2936,0.016470246016979218,
29,2937,0.026123959571123123,
29,2938,0.01719757355749607,
29,2939,0.027537520974874496,
29,2940,0.02419944480061531,
29,2941,0.019968444481492043,
29,2942,0.03403625637292862,
29,2943,0.023881465196609497,
29,2944,0.020103640854358673,
29,2945,0.015900693833827972,
29,2946,0.022461310029029846,
29,2947,0.015925081446766853,
29,2948,0.018506348133087158,
29,2949,0.0164436437189579,
29,2950,0.017614783719182014,
29,2951,0.016063235700130463,
29,2952,0.02226240001618862,
29,2953,0.01567085087299347,
29,2954,0.01591905951499939,
29,2955,0.01667039468884468,
29,2956,0.028984345495700836,
29,2957,0.01676570065319538,
29,2958,0.026511937379837036,
29,2959,0.015209164470434189,
29,2960,0.029047593474388123,
29,2961,0.016126161441206932,
29,2962,0.027209585532546043,
29,2963,0.015981299802660942,
29,2964,0.023981763049960136,
29,2965,0.017180217429995537,
29,2966,0.025987794622778893,
29,2967,0.02399321272969246,
29,2968,0.01752646081149578,
29,2969,0.035569772124290466,
29,2969,,0.020085986703634262
